0.0000       0.0119 
1.0000  	 0.0116 
2.0000  	 0.0113 
3.0000 	     0.0110 
4.0000 	     0.0107 
5.0000 	     0.0104 
6.0000 	     0.0101 
7.0000   	 0.0098 
8.0000  	 0.0095 
9.0000  	 0.0092 
10.0000 	 0.0089 
11.0000 	 0.0086 
12.0000 	 0.0083 
13.0000 	 0.0080 
14.0000 	 0.0077 
15.0000 	 0.0075 
16.0000 	 0.0072 
17.0000 	 0.0069 
18.0000 	 0.0066 
19.0000 	 0.0063 
20.0000 	 0.0060
21.0000 	 0.0057
22.0000 	 0.0054
23.0000 	 0.0051
24.0000 	 0.0048
25.0000 	 0.0045
26.0000 	 0.0042
27.0000 	 0.0039
28.0000 	 0.0036
29.0000 	 0.0033
30.0000 	 0.0030
31.0000 	 0.0027
32.0000 	 0.0024
33.0000 	 0.0021
34.0000 	 0.0018
35.0000 	 0.0015
36.0000 	0.0012
37.0000 	0.0009
38.0000 	0.0006
39.0000 	0.0003
40.0000 	0.0000 
41.0000 	0.0003 
42.0000 	0.0006 
43.0000 	0.0009 
44.0000 	0.0012 
45.0000 	0.0015 
46.0000 	0.0018 
47.0000 	0.0021 
48.0000 	0.0024 
49.0000 	0.0027 
50.0000 	0.0030 
51.0000 	0.0033 
52.0000 	0.0036 
53.0000 	0.0039 
54.0000 	0.0042 
55.0000 	0.0045 
56.0000 	0.0048 
57.0000 	0.0051 
58.0000 	0.0054 
59.0000 	0.0057 
60.0000 	0.0060 
61.0000 	0.0063 
62.0000 	0.0066 
63.0000 	0.0069 
64.0000 	0.0072 
65.0000 	0.0075 
66.0000 	0.0077 
67.0000 	0.0080 
68.0000 	0.0083 
69.0000 	0.0086 
70.0000 	0.0089 
71.0000 	0.0092 
72.0000 	0.0095 
73.0000 	0.0098 
74.0000 	0.0101 
75.0000 	0.0104 
76.0000 	0.0107 
77.0000 	0.0110 
78.0000 	0.0113 
79.0000 	0.0116 
80.0000 	0.0119 
81.0000 	0.0122 
82.0000 	0.0125 
83.0000 	0.0128 
84.0000 	0.0131 
85.0000 	0.0134 
86.0000 	0.0137 
87.0000 	0.0140 
88.0000 	0.0143 
89.0000 	0.0146 
90.0000 	0.0149 
91.0000 	0.0152 
92.0000 	0.0155 
93.0000 	0.0158 
94.0000 	0.0161 
95.0000 	0.0164 
96.0000 	0.0167 
97.0000 	0.0170 
98.0000 	0.0173 
99.0000 	0.0176 
100.0000 	0.0179 
101.0000 	0.0182 
102.0000 	0.0185 
103.0000 	0.0188 
104.0000 	0.0191 
105.0000 	0.0194 
106.0000 	0.0197 
107.0000 	0.0200 
108.0000 	0.0203 
109.0000 	0.0206 
110.0000 	0.0209 
111.0000 	0.0212 
112.0000 	0.0215 
113.0000 	0.0218 
114.0000 	0.0221 
115.0000 	0.0224 
116.0000 	0.0226 
117.0000 	0.0229 
118.0000 	0.0232 
119.0000 	0.0235 
120.0000 	0.0238 
121.0000 	0.0241 
122.0000 	0.0244 
123.0000 	0.0247 
124.0000 	0.0250 
125.0000 	0.0253 
126.0000 	0.0256 
127.0000 	0.0259 
128.0000 	0.0262 
129.0000 	0.0265 
130.0000 	0.0268 
131.0000 	0.0271 
132.0000 	0.0274 
133.0000 	0.0277 
134.0000 	0.0280 
135.0000 	0.0283 
136.0000 	0.0286 
137.0000 	0.0289 
138.0000 	0.0292 
139.0000 	0.0295 
140.0000 	0.0298 
141.0000 	0.0301 
142.0000 	0.0304 
143.0000 	0.0307 
144.0000 	0.0310 
145.0000 	0.0313 
146.0000 	0.0316 
147.0000 	0.0319 
148.0000 	0.0322 
149.0000 	0.0325 
150.0000 	0.0328 
151.0000 	0.0331 
152.0000 	0.0334 
153.0000 	0.0337 
154.0000 	0.0340 
155.0000 	0.0343 
156.0000 	0.0346 
157.0000 	0.0349 
158.0000 	0.0352 
159.0000 	0.0355 
160.0000 	0.0358 
161.0000 	0.0361 
162.0000 	0.0364 
163.0000 	0.0367 
164.0000 	0.0370 
165.0000 	0.0373 
166.0000 	0.0376 
167.0000 	0.0378 
168.0000 	0.0381 
169.0000 	0.0384 
170.0000 	0.0387 
171.0000 	0.0390 
172.0000 	0.0393 
173.0000 	0.0396 
174.0000 	0.0399 
175.0000 	0.0402 
176.0000 	0.0405 
177.0000 	0.0408 
178.0000 	0.0411 
179.0000 	0.0414 
180.0000 	0.0417 
181.0000 	0.0420 
182.0000 	0.0423 
183.0000 	0.0426 
184.0000 	0.0429 
185.0000 	0.0432 
186.0000 	0.0435 
187.0000 	0.0438 
188.0000 	0.0441 
189.0000 	0.0444 
190.0000 	0.0447 
191.0000 	0.0450 
192.0000 	0.0453 
193.0000 	0.0456 
194.0000 	0.0459 
195.0000 	0.0462 
196.0000 	0.0465 
197.0000 	0.0468 
198.0000 	0.0471 
199.0000 	0.0474 
200.0000 	0.0477 
201.0000 	0.0480 
202.0000 	0.0483 
203.0000 	0.0486 
204.0000 	0.0489 
205.0000 	0.0492 
206.0000 	0.0495 
207.0000 	0.0498 
208.0000 	0.0501 
209.0000 	0.0504 
210.0000 	0.0507 
211.0000 	0.0510 
212.0000 	0.0513 
213.0000 	0.0516 
214.0000 	0.0519 
215.0000 	0.0522 
216.0000 	0.0525 
217.0000 	0.0527 
218.0000 	0.0530 
219.0000 	0.0533 
220.0000 	0.0536 
221.0000 	0.0539 
222.0000 	0.0542 
223.0000 	0.0545 
224.0000 	0.0548 
225.0000 	0.0551 
226.0000 	0.0554 
227.0000 	0.0557 
228.0000 	0.0560 
229.0000 	0.0563 
230.0000 	0.0566 
231.0000 	0.0569 
232.0000 	0.0572 
233.0000 	0.0575 
234.0000 	0.0578 
235.0000 	0.0581 
236.0000 	0.0584 
237.0000 	0.0587 
238.0000 	0.0590 
239.0000 	0.0593 
240.0000 	0.0596 
241.0000 	0.0599 
242.0000 	0.0602 
243.0000 	0.0605 
244.0000 	0.0608 
245.0000 	0.0611 
246.0000 	0.0614 
247.0000 	0.0617 
248.0000 	0.0620 
249.0000 	0.0623 
250.0000 	0.0626 
251.0000 	0.0629 
252.0000 	0.0632 
253.0000 	0.0635 
254.0000 	0.0638 
255.0000 	0.0641 
256.0000 	0.0644 
257.0000 	0.0647 
258.0000 	0.0650 
259.0000 	0.0653 
260.0000 	0.0656 
261.0000 	0.0659 
262.0000 	0.0662 
263.0000 	0.0665 
264.0000 	0.0668 
265.0000 	0.0671 
266.0000 	0.0674 
267.0000 	0.0677 
268.0000 	0.0679 
269.0000 	0.0682 
270.0000 	0.0685 
271.0000 	0.0688 
272.0000 	0.0691 
273.0000 	0.0694 
274.0000 	0.0697 
275.0000 	0.0700 
276.0000 	0.0703 
277.0000 	0.0706 
278.0000 	0.0709 
279.0000 	0.0712 
280.0000 	0.0715 
281.0000 	0.0718 
282.0000 	0.0721 
283.0000 	0.0724 
284.0000 	0.0727 
285.0000 	0.0730 
286.0000 	0.0733 
287.0000 	0.0736 
288.0000 	0.0739 
289.0000 	0.0742 
290.0000 	0.0745 
291.0000 	0.0748 
292.0000 	0.0751 
293.0000 	0.0754 
294.0000 	0.0757 
295.0000 	0.0760 
296.0000 	0.0763 
297.0000 	0.0766 
298.0000 	0.0769 
299.0000 	0.0772 
300.0000 	0.0775 
301.0000 	0.0778 
302.0000 	0.0781 
303.0000 	0.0784 
304.0000 	0.0787 
305.0000 	0.0790 
306.0000 	0.0793 
307.0000 	0.0796 
308.0000 	0.0799 
309.0000 	0.0802 
310.0000 	0.0805 
311.0000 	0.0808 
312.0000 	0.0811 
313.0000 	0.0814 
314.0000 	0.0817 
315.0000 	0.0820 
316.0000 	0.0823 
317.0000 	0.0826 
318.0000 	0.0828 
319.0000 	0.0831 
320.0000 	0.0834 
321.0000 	0.0837 
322.0000 	0.0840 
323.0000 	0.0843 
324.0000 	0.0846 
325.0000 	0.0849 
326.0000 	0.0852 
327.0000 	0.0855 
328.0000 	0.0858 
329.0000 	0.0861 
330.0000 	0.0864 
331.0000 	0.0867 
332.0000 	0.0870 
333.0000 	0.0873 
334.0000 	0.0876 
335.0000 	0.0879 
336.0000 	0.0882 
337.0000 	0.0885 
338.0000 	0.0888 
339.0000 	0.0891 
340.0000 	0.0894 
341.0000 	0.0897 
342.0000 	0.0900 
343.0000 	0.0903 
344.0000 	0.0906 
345.0000 	0.0909 
346.0000 	0.0912 
347.0000 	0.0915 
348.0000 	0.0918 
349.0000 	0.0921 
350.0000 	0.0924 
351.0000 	0.0927 
352.0000 	0.0930 
353.0000 	0.0933 
354.0000 	0.0936 
355.0000 	0.0939 
356.0000 	0.0942 
357.0000 	0.0945 
358.0000 	0.0948 
359.0000 	0.0951 
360.0000 	0.0954 
361.0000 	0.0957 
362.0000 	0.0960 
363.0000 	0.0963 
364.0000 	0.0966 
365.0000 	0.0969 
366.0000 	0.0972 
367.0000 	0.0975 
368.0000 	0.0978 
369.0000 	0.0980 
370.0000 	0.0983 
371.0000 	0.0986 
372.0000 	0.0989 
373.0000 	0.0992 
374.0000 	0.0995 
375.0000 	0.0998 
376.0000 	0.1001 
377.0000 	0.1004 
378.0000 	0.1007 
379.0000 	0.1010 
380.0000 	0.1013 
381.0000 	0.1016 
382.0000 	0.1019 
383.0000 	0.1022 
384.0000 	0.1025 
385.0000 	0.1028 
386.0000 	0.1031 
387.0000 	0.1034 
388.0000 	0.1037 
389.0000 	0.1040 
390.0000 	0.1043 
391.0000 	0.1046 
392.0000 	0.1049 
393.0000 	0.1052 
394.0000 	0.1055 
395.0000 	0.1058 
396.0000 	0.1061 
397.0000 	0.1064 
398.0000 	0.1067 
399.0000 	0.1070 
400.0000 	0.1073 
401.0000 	0.1076 
402.0000 	0.1079 
403.0000 	0.1082 
404.0000 	0.1085 
405.0000 	0.1088 
406.0000 	0.1091 
407.0000 	0.1094 
408.0000 	0.1097 
409.0000 	0.1100 
410.0000 	0.1103 
411.0000 	0.1106 
412.0000 	0.1109 
413.0000 	0.1112 
414.0000 	0.1115 
415.0000 	0.1118 
416.0000 	0.1121 
417.0000 	0.1124 
418.0000 	0.1127 
419.0000 	0.1129 
420.0000 	0.1132 
421.0000 	0.1135 
422.0000 	0.1138 
423.0000 	0.1141 
424.0000 	0.1144 
425.0000 	0.1147 
426.0000 	0.1150 
427.0000 	0.1153 
428.0000 	0.1156 
429.0000 	0.1159 
430.0000 	0.1162 
431.0000 	0.1165 
432.0000 	0.1168 
433.0000 	0.1171 
434.0000 	0.1174 
435.0000 	0.1177 
436.0000 	0.1180 
437.0000 	0.1183 
438.0000 	0.1186 
439.0000 	0.1189 
440.0000 	0.1192 
441.0000 	0.1195 
442.0000 	0.1198 
443.0000 	0.1201 
444.0000 	0.1204 
445.0000 	0.1207 
446.0000 	0.1210 
447.0000 	0.1213 
448.0000 	0.1216 
449.0000 	0.1219 
450.0000 	0.1222 
451.0000 	0.1225 
452.0000 	0.1228 
453.0000 	0.1231 
454.0000 	0.1234 
455.0000 	0.1237 
456.0000 	0.1240 
457.0000 	0.1243 
458.0000 	0.1246 
459.0000 	0.1249 
460.0000 	0.1252 
461.0000 	0.1255 
462.0000 	0.1258 
463.0000 	0.1261 
464.0000 	0.1264 
465.0000 	0.1267 
466.0000 	0.1270 
467.0000 	0.1273 
468.0000 	0.1276 
469.0000 	0.1278 
470.0000 	0.1281 
471.0000 	0.1284 
472.0000 	0.1287 
473.0000 	0.1290 
474.0000 	0.1293 
475.0000 	0.1296 
476.0000 	0.1299 
477.0000 	0.1302 
478.0000 	0.1305 
479.0000 	0.1308 
480.0000 	0.1311 
481.0000 	0.1314 
482.0000 	0.1317 
483.0000 	0.1320 
484.0000 	0.1323 
485.0000 	0.1326 
486.0000 	0.1329 
487.0000 	0.1332 
488.0000 	0.1335 
489.0000 	0.1338 
490.0000 	0.1341 
491.0000 	0.1344 
492.0000 	0.1347 
493.0000 	0.1350 
494.0000 	0.1353 
495.0000 	0.1356 
496.0000 	0.1359 
497.0000 	0.1362 
498.0000 	0.1365 
499.0000 	0.1368 
500.0000 	0.1371 
501.0000 	0.1374 
502.0000 	0.1377 
503.0000 	0.1380 
504.0000 	0.1383 
505.0000 	0.1386 
506.0000 	0.1389 
507.0000 	0.1392 
508.0000 	0.1395 
509.0000 	0.1398 
510.0000 	0.1401 
511.0000 	0.1404 
512.0000 	0.1407 
513.0000 	0.1410 
514.0000 	0.1413 
515.0000 	0.1416 
516.0000 	0.1419 
517.0000 	0.1422 
518.0000 	0.1425 
519.0000 	0.1428 
520.0000 	0.1430 
521.0000 	0.1433 
522.0000 	0.1436 
523.0000 	0.1439 
524.0000 	0.1442 
525.0000 	0.1445 
526.0000 	0.1448 
527.0000 	0.1451 
528.0000 	0.1454 
529.0000 	0.1457 
530.0000 	0.1460 
531.0000 	0.1463 
532.0000 	0.1466 
533.0000 	0.1469 
534.0000 	0.1472 
535.0000 	0.1475 
536.0000 	0.1478 
537.0000 	0.1481 
538.0000 	0.1484 
539.0000 	0.1487 
540.0000 	0.1490 
541.0000 	0.1493 
542.0000 	0.1496 
543.0000 	0.1499 
544.0000 	0.1502 
545.0000 	0.1505 
546.0000 	0.1508 
547.0000 	0.1511 
548.0000 	0.1514 
549.0000 	0.1517 
550.0000 	0.1520 
551.0000 	0.1523 
552.0000 	0.1526 
553.0000 	0.1529 
554.0000 	0.1532 
555.0000 	0.1535 
556.0000 	0.1538 
557.0000 	0.1541 
558.0000 	0.1544 
559.0000 	0.1547 
560.0000 	0.1550 
561.0000 	0.1553 
562.0000 	0.1556 
563.0000 	0.1559 
564.0000 	0.1562 
565.0000 	0.1565 
566.0000 	0.1568 
567.0000 	0.1571 
568.0000 	0.1574 
569.0000 	0.1577 
570.0000 	0.1579 
571.0000 	0.1582 
572.0000 	0.1585 
573.0000 	0.1588 
574.0000 	0.1591 
575.0000 	0.1594 
576.0000 	0.1597 
577.0000 	0.1600 
578.0000 	0.1603 
579.0000 	0.1606 
580.0000 	0.1609 
581.0000 	0.1612 
582.0000 	0.1615 
583.0000 	0.1618 
584.0000 	0.1621 
585.0000 	0.1624 
586.0000 	0.1627 
587.0000 	0.1630 
588.0000 	0.1633 
589.0000 	0.1636 
590.0000 	0.1639 
591.0000 	0.1642 
592.0000 	0.1645 
593.0000 	0.1648 
594.0000 	0.1651 
595.0000 	0.1654 
596.0000 	0.1657 
597.0000 	0.1660 
598.0000 	0.1663 
599.0000 	0.1666 
600.0000 	0.1669 
601.0000 	0.1672 
602.0000 	0.1675 
603.0000 	0.1678 
604.0000 	0.1681 
605.0000 	0.1684 
606.0000 	0.1687 
607.0000 	0.1690 
608.0000 	0.1693 
609.0000 	0.1696 
610.0000 	0.1699 
611.0000 	0.1702 
612.0000 	0.1705 
613.0000 	0.1708 
614.0000 	0.1711 
615.0000 	0.1714 
616.0000 	0.1717 
617.0000 	0.1720 
618.0000 	0.1723 
619.0000 	0.1726 
620.0000 	0.1729 
621.0000 	0.1731 
622.0000 	0.1734 
623.0000 	0.1737 
624.0000 	0.1740 
625.0000 	0.1743 
626.0000 	0.1746 
627.0000 	0.1749 
628.0000 	0.1752 
629.0000 	0.1755 
630.0000 	0.1758 
631.0000 	0.1761 
632.0000 	0.1764 
633.0000 	0.1767 
634.0000 	0.1770 
635.0000 	0.1773 
636.0000 	0.1776 
637.0000 	0.1779 
638.0000 	0.1782 
639.0000 	0.1785 
640.0000 	0.1788 
641.0000 	0.1791 
642.0000 	0.1794 
643.0000 	0.1797 
644.0000 	0.1800 
645.0000 	0.1803 
646.0000 	0.1806 
647.0000 	0.1809 
648.0000 	0.1812 
649.0000 	0.1815 
650.0000 	0.1818 
651.0000 	0.1821 
652.0000 	0.1824 
653.0000 	0.1827 
654.0000 	0.1830 
655.0000 	0.1833 
656.0000 	0.1836 
657.0000 	0.1839 
658.0000 	0.1842 
659.0000 	0.1845 
660.0000 	0.1848 
661.0000 	0.1851 
662.0000 	0.1854 
663.0000 	0.1857 
664.0000 	0.1860 
665.0000 	0.1863 
666.0000 	0.1866 
667.0000 	0.1869 
668.0000 	0.1872 
669.0000 	0.1875 
670.0000 	0.1878 
671.0000 	0.1880 
672.0000 	0.1883 
673.0000 	0.1886 
674.0000 	0.1889 
675.0000 	0.1892 
676.0000 	0.1895 
677.0000 	0.1898 
678.0000 	0.1901 
679.0000 	0.1904 
680.0000 	0.1907 
681.0000 	0.1910 
682.0000 	0.1913 
683.0000 	0.1916 
684.0000 	0.1919 
685.0000 	0.1922 
686.0000 	0.1925 
687.0000 	0.1928 
688.0000 	0.1931 
689.0000 	0.1934 
690.0000 	0.1937 
691.0000 	0.1940 
692.0000 	0.1943 
693.0000 	0.1946 
694.0000 	0.1949 
695.0000 	0.1952 
696.0000 	0.1955 
697.0000 	0.1958 
698.0000 	0.1961 
699.0000 	0.1964 
700.0000 	0.1967 
701.0000 	0.1970 
702.0000 	0.1973 
703.0000 	0.1976 
704.0000 	0.1979 
705.0000 	0.1982 
706.0000 	0.1985 
707.0000 	0.1988 
708.0000 	0.1991 
709.0000 	0.1994 
710.0000 	0.1997 
711.0000 	0.2000 
712.0000 	0.2003 
713.0000 	0.2006 
714.0000 	0.2009 
715.0000 	0.2012 
716.0000 	0.2015 
717.0000 	0.2018 
718.0000 	0.2021 
719.0000 	0.2024 
720.0000 	0.2027 
721.0000 	0.2030 
722.0000 	0.2032 
723.0000 	0.2035 
724.0000 	0.2038 
725.0000 	0.2041 
726.0000 	0.2044 
727.0000 	0.2047 
728.0000 	0.2050 
729.0000 	0.2053 
730.0000 	0.2056 
731.0000 	0.2059 
732.0000 	0.2062 
733.0000 	0.2065 
734.0000 	0.2068 
735.0000 	0.2071 
736.0000 	0.2074 
737.0000 	0.2077 
738.0000 	0.2080 
739.0000 	0.2083 
740.0000 	0.2086 
741.0000 	0.2089 
742.0000 	0.2092 
743.0000 	0.2095 
744.0000 	0.2098 
745.0000 	0.2101 
746.0000 	0.2104 
747.0000 	0.2107 
748.0000 	0.2110 
749.0000 	0.2113 
750.0000 	0.2116 
751.0000 	0.2119 
752.0000 	0.2122 
753.0000 	0.2125 
754.0000 	0.2128 
755.0000 	0.2131 
756.0000 	0.2134 
757.0000 	0.2137 
758.0000 	0.2140 
759.0000 	0.2143 
760.0000 	0.2146 
761.0000 	0.2149 
762.0000 	0.2152 
763.0000 	0.2155 
764.0000 	0.2158 
765.0000 	0.2161 
766.0000 	0.2164 
767.0000 	0.2167 
768.0000 	0.2170 
769.0000 	0.2173 
770.0000 	0.2176 
771.0000 	0.2179 
772.0000 	0.2181 
773.0000 	0.2184 
774.0000 	0.2187 
775.0000 	0.2190 
776.0000 	0.2193 
777.0000 	0.2196 
778.0000 	0.2199 
779.0000 	0.2202 
780.0000 	0.2205 
781.0000 	0.2208 
782.0000 	0.2211 
783.0000 	0.2214 
784.0000 	0.2217 
785.0000 	0.2220 
786.0000 	0.2223 
787.0000 	0.2226 
788.0000 	0.2229 
789.0000 	0.2232 
790.0000 	0.2235 
791.0000 	0.2238 
792.0000 	0.2241 
793.0000 	0.2244 
794.0000 	0.2247 
795.0000 	0.2250 
796.0000 	0.2253 
797.0000 	0.2256 
798.0000 	0.2259 
799.0000 	0.2262 
800.0000 	0.2265 
801.0000 	0.2268 
802.0000 	0.2271 
803.0000 	0.2274 
804.0000 	0.2277 
805.0000 	0.2280 
806.0000 	0.2283 
807.0000 	0.2286 
808.0000 	0.2289 
809.0000 	0.2292 
810.0000 	0.2295 
811.0000 	0.2298 
812.0000 	0.2301 
813.0000 	0.2304 
814.0000 	0.2307 
815.0000 	0.2310 
816.0000 	0.2313 
817.0000 	0.2316 
818.0000 	0.2319 
819.0000 	0.2322 
820.0000 	0.2325 
821.0000 	0.2328 
822.0000 	0.2331 
823.0000 	0.2333 
824.0000 	0.2336 
825.0000 	0.2339 
826.0000 	0.2342 
827.0000 	0.2345 
828.0000 	0.2348 
829.0000 	0.2351 
830.0000 	0.2354 
831.0000 	0.2357 
832.0000 	0.2360 
833.0000 	0.2363 
834.0000 	0.2366 
835.0000 	0.2369 
836.0000 	0.2372 
837.0000 	0.2375 
838.0000 	0.2378 
839.0000 	0.2381 
840.0000 	0.2384 
841.0000 	0.2387 
842.0000 	0.2390 
843.0000 	0.2393 
844.0000 	0.2396 
845.0000 	0.2399 
846.0000 	0.2402 
847.0000 	0.2405 
848.0000 	0.2408 
849.0000 	0.2411 
850.0000 	0.2414 
851.0000 	0.2417 
852.0000 	0.2420 
853.0000 	0.2423 
854.0000 	0.2426 
855.0000 	0.2429 
856.0000 	0.2432 
857.0000 	0.2435 
858.0000 	0.2438 
859.0000 	0.2441 
860.0000 	0.2444 
861.0000 	0.2447 
862.0000 	0.2450 
863.0000 	0.2453 
864.0000 	0.2456 
865.0000 	0.2459 
866.0000 	0.2462 
867.0000 	0.2465 
868.0000 	0.2468 
869.0000 	0.2471 
870.0000 	0.2474 
871.0000 	0.2477 
872.0000 	0.2480 
873.0000 	0.2482 
874.0000 	0.2485 
875.0000 	0.2488 
876.0000 	0.2491 
877.0000 	0.2494 
878.0000 	0.2497 
879.0000 	0.2500 
880.0000 	0.2503 
881.0000 	0.2506 
882.0000 	0.2509 
883.0000 	0.2512 
884.0000 	0.2515 
885.0000 	0.2518 
886.0000 	0.2521 
887.0000 	0.2524 
888.0000 	0.2527 
889.0000 	0.2530 
890.0000 	0.2533 
891.0000 	0.2536 
892.0000 	0.2539 
893.0000 	0.2542 
894.0000 	0.2545 
895.0000 	0.2548 
896.0000 	0.2551 
897.0000 	0.2554 
898.0000 	0.2557 
899.0000 	0.2560 
900.0000 	0.2563 
901.0000 	0.2566 
902.0000 	0.2569 
903.0000 	0.2572 
904.0000 	0.2575 
905.0000 	0.2578 
906.0000 	0.2581 
907.0000 	0.2584 
908.0000 	0.2587 
909.0000 	0.2590 
910.0000 	0.2593 
911.0000 	0.2596 
912.0000 	0.2599 
913.0000 	0.2602 
914.0000 	0.2605 
915.0000 	0.2608 
916.0000 	0.2611 
917.0000 	0.2614 
918.0000 	0.2617 
919.0000 	0.2620 
920.0000 	0.2623 
921.0000 	0.2626 
922.0000 	0.2629 
923.0000 	0.2632 
924.0000 	0.2634 
925.0000 	0.2637 
926.0000 	0.2640 
927.0000 	0.2643 
928.0000 	0.2646 
929.0000 	0.2649 
930.0000 	0.2652 
931.0000 	0.2655 
932.0000 	0.2658 
933.0000 	0.2661 
934.0000 	0.2664 
935.0000 	0.2667 
936.0000 	0.2670 
937.0000 	0.2673 
938.0000 	0.2676 
939.0000 	0.2679 
940.0000 	0.2682 
941.0000 	0.2685 
942.0000 	0.2688 
943.0000 	0.2691 
944.0000 	0.2694 
945.0000 	0.2697 
946.0000 	0.2700 
947.0000 	0.2703 
948.0000 	0.2706 
949.0000 	0.2709 
950.0000 	0.2712 
951.0000 	0.2715 
952.0000 	0.2718 
953.0000 	0.2721 
954.0000 	0.2724 
955.0000 	0.2727 
956.0000 	0.2730 
957.0000 	0.2733 
958.0000 	0.2736 
959.0000 	0.2739 
960.0000 	0.2742 
961.0000 	0.2745 
962.0000 	0.2748 
963.0000 	0.2751 
964.0000 	0.2754 
965.0000 	0.2757 
966.0000 	0.2760 
967.0000 	0.2763 
968.0000 	0.2766 
969.0000 	0.2769 
970.0000 	0.2772 
971.0000 	0.2775 
972.0000 	0.2778 
973.0000 	0.2781 
974.0000 	0.2783 
975.0000 	0.2786 
976.0000 	0.2789 
977.0000 	0.2792 
978.0000 	0.2795 
979.0000 	0.2798 
980.0000 	0.2801 
981.0000 	0.2804 
982.0000 	0.2807 
983.0000 	0.2810 
984.0000 	0.2813 
985.0000 	0.2816 
986.0000 	0.2819 
987.0000 	0.2822 
988.0000 	0.2825 
989.0000 	0.2828 
990.0000 	0.2831 
991.0000 	0.2834 
992.0000 	0.2837 
993.0000 	0.2840 
994.0000 	0.2843 
995.0000 	0.2846 
996.0000 	0.2849 
997.0000 	0.2852 
998.0000 	0.2855 
999.0000 	0.2858 
1000.0000 	0.2861 
1001.0000 	0.2864 
1002.0000 	0.2867 
1003.0000 	0.2870 
1004.0000 	0.2873 
1005.0000 	0.2876 
1006.0000 	0.2879 
1007.0000 	0.2882 
1008.0000 	0.2885 
1009.0000 	0.2888 
1010.0000 	0.2891 
1011.0000 	0.2894 
1012.0000 	0.2897 
1013.0000 	0.2900 
1014.0000 	0.2903 
1015.0000 	0.2906 
1016.0000 	0.2909 
1017.0000 	0.2912 
1018.0000 	0.2915 
1019.0000 	0.2918 
1020.0000 	0.2921 
1021.0000 	0.2924 
1022.0000 	0.2927 
1023.0000 	0.2930 
1024.0000 	0.2933 
1025.0000 	0.2935 
1026.0000 	0.2938 
1027.0000 	0.2941 
1028.0000 	0.2944 
1029.0000 	0.2947 
1030.0000 	0.2950 
1031.0000 	0.2953 
1032.0000 	0.2956 
1033.0000 	0.2959 
1034.0000 	0.2962 
1035.0000 	0.2965 
1036.0000 	0.2968 
1037.0000 	0.2971 
1038.0000 	0.2974 
1039.0000 	0.2977 
1040.0000 	0.2980 
1041.0000 	0.2983 
1042.0000 	0.2986 
1043.0000 	0.2989 
1044.0000 	0.2992 
1045.0000 	0.2995 
1046.0000 	0.2998 
1047.0000 	0.3001 
1048.0000 	0.3004 
1049.0000 	0.3007 
1050.0000 	0.3010 
1051.0000 	0.3013 
1052.0000 	0.3016 
1053.0000 	0.3019 
1054.0000 	0.3022 
1055.0000 	0.3025 
1056.0000 	0.3028 
1057.0000 	0.3031 
1058.0000 	0.3034 
1059.0000 	0.3037 
1060.0000 	0.3040 
1061.0000 	0.3043 
1062.0000 	0.3046 
1063.0000 	0.3049 
1064.0000 	0.3052 
1065.0000 	0.3055 
1066.0000 	0.3058 
1067.0000 	0.3061 
1068.0000 	0.3064 
1069.0000 	0.3067 
1070.0000 	0.3070 
1071.0000 	0.3073 
1072.0000 	0.3076 
1073.0000 	0.3079 
1074.0000 	0.3082 
1075.0000 	0.3084 
1076.0000 	0.3087 
1077.0000 	0.3090 
1078.0000 	0.3093 
1079.0000 	0.3096 
1080.0000 	0.3099 
1081.0000 	0.3102 
1082.0000 	0.3105 
1083.0000 	0.3108 
1084.0000 	0.3111 
1085.0000 	0.3114 
1086.0000 	0.3117 
1087.0000 	0.3120 
1088.0000 	0.3123 
1089.0000 	0.3126 
1090.0000 	0.3129 
1091.0000 	0.3132 
1092.0000 	0.3135 
1093.0000 	0.3138 
1094.0000 	0.3141 
1095.0000 	0.3144 
1096.0000 	0.3147 
1097.0000 	0.3150 
1098.0000 	0.3153 
1099.0000 	0.3156 
1100.0000 	0.3159 
1101.0000 	0.3162 
1102.0000 	0.3165 
1103.0000 	0.3168 
1104.0000 	0.3171 
1105.0000 	0.3174 
1106.0000 	0.3177 
1107.0000 	0.3180 
1108.0000 	0.3183 
1109.0000 	0.3186 
1110.0000 	0.3189 
1111.0000 	0.3192 
1112.0000 	0.3195 
1113.0000 	0.3198 
1114.0000 	0.3201 
1115.0000 	0.3204 
1116.0000 	0.3207 
1117.0000 	0.3210 
1118.0000 	0.3213 
1119.0000 	0.3216 
1120.0000 	0.3219 
1121.0000 	0.3222 
1122.0000 	0.3225 
1123.0000 	0.3228 
1124.0000 	0.3231 
1125.0000 	0.3234 
1126.0000 	0.3236 
1127.0000 	0.3239 
1128.0000 	0.3242 
1129.0000 	0.3245 
1130.0000 	0.3248 
1131.0000 	0.3251 
1132.0000 	0.3254 
1133.0000 	0.3257 
1134.0000 	0.3260 
1135.0000 	0.3263 
1136.0000 	0.3266 
1137.0000 	0.3269 
1138.0000 	0.3272 
1139.0000 	0.3275 
1140.0000 	0.3278 
1141.0000 	0.3281 
1142.0000 	0.3284 
1143.0000 	0.3287 
1144.0000 	0.3290 
1145.0000 	0.3293 
1146.0000 	0.3296 
1147.0000 	0.3299 
1148.0000 	0.3302 
1149.0000 	0.3305 
1150.0000 	0.3308 
1151.0000 	0.3311 
1152.0000 	0.3314 
1153.0000 	0.3317 
1154.0000 	0.3320 
1155.0000 	0.3323 
1156.0000 	0.3326 
1157.0000 	0.3329 
1158.0000 	0.3332 
1159.0000 	0.3335 
1160.0000 	0.3338 
1161.0000 	0.3341 
1162.0000 	0.3344 
1163.0000 	0.3347 
1164.0000 	0.3350 
1165.0000 	0.3353 
1166.0000 	0.3356 
1167.0000 	0.3359 
1168.0000 	0.3362 
1169.0000 	0.3365 
1170.0000 	0.3368 
1171.0000 	0.3371 
1172.0000 	0.3374 
1173.0000 	0.3377 
1174.0000 	0.3380 
1175.0000 	0.3383 
1176.0000 	0.3385 
1177.0000 	0.3388 
1178.0000 	0.3391 
1179.0000 	0.3394 
1180.0000 	0.3397 
1181.0000 	0.3400 
1182.0000 	0.3403 
1183.0000 	0.3406 
1184.0000 	0.3409 
1185.0000 	0.3412 
1186.0000 	0.3415 
1187.0000 	0.3418 
1188.0000 	0.3421 
1189.0000 	0.3424 
1190.0000 	0.3427 
1191.0000 	0.3430 
1192.0000 	0.3433 
1193.0000 	0.3436 
1194.0000 	0.3439 
1195.0000 	0.3442 
1196.0000 	0.3445 
1197.0000 	0.3448 
1198.0000 	0.3451 
1199.0000 	0.3454 
1200.0000 	0.3457 
1201.0000 	0.3460 
1202.0000 	0.3463 
1203.0000 	0.3466 
1204.0000 	0.3469 
1205.0000 	0.3472 
1206.0000 	0.3475 
1207.0000 	0.3478 
1208.0000 	0.3481 
1209.0000 	0.3484 
1210.0000 	0.3487 
1211.0000 	0.3490 
1212.0000 	0.3493 
1213.0000 	0.3496 
1214.0000 	0.3499 
1215.0000 	0.3502 
1216.0000 	0.3505 
1217.0000 	0.3508 
1218.0000 	0.3511 
1219.0000 	0.3514 
1220.0000 	0.3517 
1221.0000 	0.3520 
1222.0000 	0.3523 
1223.0000 	0.3526 
1224.0000 	0.3529 
1225.0000 	0.3532 
1226.0000 	0.3534 
1227.0000 	0.3537 
1228.0000 	0.3540 
1229.0000 	0.3543 
1230.0000 	0.3546 
1231.0000 	0.3549 
1232.0000 	0.3552 
1233.0000 	0.3555 
1234.0000 	0.3558 
1235.0000 	0.3561 
1236.0000 	0.3564 
1237.0000 	0.3567 
1238.0000 	0.3570 
1239.0000 	0.3573 
1240.0000 	0.3576 
1241.0000 	0.3579 
1242.0000 	0.3582 
1243.0000 	0.3585 
1244.0000 	0.3588 
1245.0000 	0.3591 
1246.0000 	0.3594 
1247.0000 	0.3597 
1248.0000 	0.3600 
1249.0000 	0.3603 
1250.0000 	0.3606 
1251.0000 	0.3609 
1252.0000 	0.3612 
1253.0000 	0.3615 
1254.0000 	0.3618 
1255.0000 	0.3621 
1256.0000 	0.3624 
1257.0000 	0.3627 
1258.0000 	0.3630 
1259.0000 	0.3633 
1260.0000 	0.3636 
1261.0000 	0.3639 
1262.0000 	0.3642 
1263.0000 	0.3645 
1264.0000 	0.3648 
1265.0000 	0.3651 
1266.0000 	0.3654 
1267.0000 	0.3657 
1268.0000 	0.3660 
1269.0000 	0.3663 
1270.0000 	0.3666 
1271.0000 	0.3669 
1272.0000 	0.3672 
1273.0000 	0.3675 
1274.0000 	0.3678 
1275.0000 	0.3681 
1276.0000 	0.3684 
1277.0000 	0.3686 
1278.0000 	0.3689 
1279.0000 	0.3692 
1280.0000 	0.3695 
1281.0000 	0.3698 
1282.0000 	0.3701 
1283.0000 	0.3704 
1284.0000 	0.3707 
1285.0000 	0.3710 
1286.0000 	0.3713 
1287.0000 	0.3716 
1288.0000 	0.3719 
1289.0000 	0.3722 
1290.0000 	0.3725 
1291.0000 	0.3728 
1292.0000 	0.3731 
1293.0000 	0.3734 
1294.0000 	0.3737 
1295.0000 	0.3740 
1296.0000 	0.3743 
1297.0000 	0.3746 
1298.0000 	0.3749 
1299.0000 	0.3752 
1300.0000 	0.3755 
1301.0000 	0.3758 
1302.0000 	0.3761 
1303.0000 	0.3764 
1304.0000 	0.3767 
1305.0000 	0.3770 
1306.0000 	0.3773 
1307.0000 	0.3776 
1308.0000 	0.3779 
1309.0000 	0.3782 
1310.0000 	0.3785 
1311.0000 	0.3788 
1312.0000 	0.3791 
1313.0000 	0.3794 
1314.0000 	0.3797 
1315.0000 	0.3800 
1316.0000 	0.3803 
1317.0000 	0.3806 
1318.0000 	0.3809 
1319.0000 	0.3812 
1320.0000 	0.3815 
1321.0000 	0.3818 
1322.0000 	0.3821 
1323.0000 	0.3824 
1324.0000 	0.3827 
1325.0000 	0.3830 
1326.0000 	0.3833 
1327.0000 	0.3835 
1328.0000 	0.3838 
1329.0000 	0.3841 
1330.0000 	0.3844 
1331.0000 	0.3847 
1332.0000 	0.3850 
1333.0000 	0.3853 
1334.0000 	0.3856 
1335.0000 	0.3859 
1336.0000 	0.3862 
1337.0000 	0.3865 
1338.0000 	0.3868 
1339.0000 	0.3871 
1340.0000 	0.3874 
1341.0000 	0.3877 
1342.0000 	0.3880 
1343.0000 	0.3883 
1344.0000 	0.3886 
1345.0000 	0.3889 
1346.0000 	0.3892 
1347.0000 	0.3895 
1348.0000 	0.3898 
1349.0000 	0.3901 
1350.0000 	0.3904 
1351.0000 	0.3907 
1352.0000 	0.3910 
1353.0000 	0.3913 
1354.0000 	0.3916 
1355.0000 	0.3919 
1356.0000 	0.3922 
1357.0000 	0.3925 
1358.0000 	0.3928 
1359.0000 	0.3931 
1360.0000 	0.3934 
1361.0000 	0.3937 
1362.0000 	0.3940 
1363.0000 	0.3943 
1364.0000 	0.3946 
1365.0000 	0.3949 
1366.0000 	0.3952 
1367.0000 	0.3955 
1368.0000 	0.3958 
1369.0000 	0.3961 
1370.0000 	0.3964 
1371.0000 	0.3967 
1372.0000 	0.3970 
1373.0000 	0.3973 
1374.0000 	0.3976 
1375.0000 	0.3979 
1376.0000 	0.3982 
1377.0000 	0.3985 
1378.0000 	0.3987 
1379.0000 	0.3990 
1380.0000 	0.3993 
1381.0000 	0.3996 
1382.0000 	0.3999 
1383.0000 	0.4002 
1384.0000 	0.4005 
1385.0000 	0.4008 
1386.0000 	0.4011 
1387.0000 	0.4014 
1388.0000 	0.4017 
1389.0000 	0.4020 
1390.0000 	0.4023 
1391.0000 	0.4026 
1392.0000 	0.4029 
1393.0000 	0.4032 
1394.0000 	0.4035 
1395.0000 	0.4038 
1396.0000 	0.4041 
1397.0000 	0.4044 
1398.0000 	0.4047 
1399.0000 	0.4050 
1400.0000 	0.4053 
1401.0000 	0.4056 
1402.0000 	0.4059 
1403.0000 	0.4062 
1404.0000 	0.4065 
1405.0000 	0.4068 
1406.0000 	0.4071 
1407.0000 	0.4074 
1408.0000 	0.4077 
1409.0000 	0.4080 
1410.0000 	0.4083 
1411.0000 	0.4086 
1412.0000 	0.4089 
1413.0000 	0.4092 
1414.0000 	0.4095 
1415.0000 	0.4098 
1416.0000 	0.4101 
1417.0000 	0.4104 
1418.0000 	0.4107 
1419.0000 	0.4110 
1420.0000 	0.4113 
1421.0000 	0.4116 
1422.0000 	0.4119 
1423.0000 	0.4122 
1424.0000 	0.4125 
1425.0000 	0.4128 
1426.0000 	0.4131 
1427.0000 	0.4134 
1428.0000 	0.4136 
1429.0000 	0.4139 
1430.0000 	0.4142 
1431.0000 	0.4145 
1432.0000 	0.4148 
1433.0000 	0.4151 
1434.0000 	0.4154 
1435.0000 	0.4157 
1436.0000 	0.4160 
1437.0000 	0.4163 
1438.0000 	0.4166 
1439.0000 	0.4169 
1440.0000 	0.4172 
1441.0000 	0.4175 
1442.0000 	0.4178 
1443.0000 	0.4181 
1444.0000 	0.4184 
1445.0000 	0.4187 
1446.0000 	0.4190 
1447.0000 	0.4193 
1448.0000 	0.4196 
1449.0000 	0.4199 
1450.0000 	0.4202 
1451.0000 	0.4205 
1452.0000 	0.4208 
1453.0000 	0.4211 
1454.0000 	0.4214 
1455.0000 	0.4217 
1456.0000 	0.4220 
1457.0000 	0.4223 
1458.0000 	0.4226 
1459.0000 	0.4229 
1460.0000 	0.4232 
1461.0000 	0.4235 
1462.0000 	0.4238 
1463.0000 	0.4241 
1464.0000 	0.4244 
1465.0000 	0.4247 
1466.0000 	0.4250 
1467.0000 	0.4253 
1468.0000 	0.4256 
1469.0000 	0.4259 
1470.0000 	0.4262 
1471.0000 	0.4265 
1472.0000 	0.4268 
1473.0000 	0.4271 
1474.0000 	0.4274 
1475.0000 	0.4277 
1476.0000 	0.4280 
1477.0000 	0.4283 
1478.0000 	0.4286 
1479.0000 	0.4288 
1480.0000 	0.4291 
1481.0000 	0.4294 
1482.0000 	0.4297 
1483.0000 	0.4300 
1484.0000 	0.4303 
1485.0000 	0.4306 
1486.0000 	0.4309 
1487.0000 	0.4312 
1488.0000 	0.4315 
1489.0000 	0.4318 
1490.0000 	0.4321 
1491.0000 	0.4324 
1492.0000 	0.4327 
1493.0000 	0.4330 
1494.0000 	0.4333 
1495.0000 	0.4336 
1496.0000 	0.4339 
1497.0000 	0.4342 
1498.0000 	0.4345 
1499.0000 	0.4348 
1500.0000 	0.4351 
1501.0000 	0.4354 
1502.0000 	0.4357 
1503.0000 	0.4360 
1504.0000 	0.4363 
1505.0000 	0.4366 
1506.0000 	0.4369 
1507.0000 	0.4372 
1508.0000 	0.4375 
1509.0000 	0.4378 
1510.0000 	0.4381 
1511.0000 	0.4384 
1512.0000 	0.4387 
1513.0000 	0.4390 
1514.0000 	0.4393 
1515.0000 	0.4396 
1516.0000 	0.4399 
1517.0000 	0.4402 
1518.0000 	0.4405 
1519.0000 	0.4408 
1520.0000 	0.4411 
1521.0000 	0.4414 
1522.0000 	0.4417 
1523.0000 	0.4420 
1524.0000 	0.4423 
1525.0000 	0.4426 
1526.0000 	0.4429 
1527.0000 	0.4432 
1528.0000 	0.4435 
1529.0000 	0.4437 
1530.0000 	0.4440 
1531.0000 	0.4443 
1532.0000 	0.4446 
1533.0000 	0.4449 
1534.0000 	0.4452 
1535.0000 	0.4455 
1536.0000 	0.4458 
1537.0000 	0.4461 
1538.0000 	0.4464 
1539.0000 	0.4467 
1540.0000 	0.4470 
1541.0000 	0.4473 
1542.0000 	0.4476 
1543.0000 	0.4479 
1544.0000 	0.4482 
1545.0000 	0.4485 
1546.0000 	0.4488 
1547.0000 	0.4491 
1548.0000 	0.4494 
1549.0000 	0.4497 
1550.0000 	0.4500 
1551.0000 	0.4503 
1552.0000 	0.4506 
1553.0000 	0.4509 
1554.0000 	0.4512 
1555.0000 	0.4515 
1556.0000 	0.4518 
1557.0000 	0.4521 
1558.0000 	0.4524 
1559.0000 	0.4527 
1560.0000 	0.4530 
1561.0000 	0.4533 
1562.0000 	0.4536 
1563.0000 	0.4539 
1564.0000 	0.4542 
1565.0000 	0.4545 
1566.0000 	0.4548 
1567.0000 	0.4551 
1568.0000 	0.4554 
1569.0000 	0.4557 
1570.0000 	0.4560 
1571.0000 	0.4563 
1572.0000 	0.4566 
1573.0000 	0.4569 
1574.0000 	0.4572 
1575.0000 	0.4575 
1576.0000 	0.4578 
1577.0000 	0.4581 
1578.0000 	0.4584 
1579.0000 	0.4587 
1580.0000 	0.4589 
1581.0000 	0.4592 
1582.0000 	0.4595 
1583.0000 	0.4598 
1584.0000 	0.4601 
1585.0000 	0.4604 
1586.0000 	0.4607 
1587.0000 	0.4610 
1588.0000 	0.4613 
1589.0000 	0.4616 
1590.0000 	0.4619 
1591.0000 	0.4622 
1592.0000 	0.4625 
1593.0000 	0.4628 
1594.0000 	0.4631 
1595.0000 	0.4634 
1596.0000 	0.4637 
1597.0000 	0.4640 
1598.0000 	0.4643 
1599.0000 	0.4646 
1600.0000 	0.4649 
1601.0000 	0.4652 
1602.0000 	0.4655 
1603.0000 	0.4658 
1604.0000 	0.4661 
1605.0000 	0.4664 
1606.0000 	0.4667 
1607.0000 	0.4670 
1608.0000 	0.4673 
1609.0000 	0.4676 
1610.0000 	0.4679 
1611.0000 	0.4682 
1612.0000 	0.4685 
1613.0000 	0.4688 
1614.0000 	0.4691 
1615.0000 	0.4694 
1616.0000 	0.4697 
1617.0000 	0.4700 
1618.0000 	0.4703 
1619.0000 	0.4706 
1620.0000 	0.4709 
1621.0000 	0.4712 
1622.0000 	0.4715 
1623.0000 	0.4718 
1624.0000 	0.4721 
1625.0000 	0.4724 
1626.0000 	0.4727 
1627.0000 	0.4730 
1628.0000 	0.4733 
1629.0000 	0.4736 
1630.0000 	0.4738 
1631.0000 	0.4741 
1632.0000 	0.4744 
1633.0000 	0.4747 
1634.0000 	0.4750 
1635.0000 	0.4753 
1636.0000 	0.4756 
1637.0000 	0.4759 
1638.0000 	0.4762 
1639.0000 	0.4765 
1640.0000 	0.4768 
1641.0000 	0.4771 
1642.0000 	0.4774 
1643.0000 	0.4777 
1644.0000 	0.4780 
1645.0000 	0.4783 
1646.0000 	0.4786 
1647.0000 	0.4789 
1648.0000 	0.4792 
1649.0000 	0.4795 
1650.0000 	0.4798 
1651.0000 	0.4801 
1652.0000 	0.4804 
1653.0000 	0.4807 
1654.0000 	0.4810 
1655.0000 	0.4813 
1656.0000 	0.4816 
1657.0000 	0.4819 
1658.0000 	0.4822 
1659.0000 	0.4825 
1660.0000 	0.4828 
1661.0000 	0.4831 
1662.0000 	0.4834 
1663.0000 	0.4837 
1664.0000 	0.4840 
1665.0000 	0.4843 
1666.0000 	0.4846 
1667.0000 	0.4849 
1668.0000 	0.4852 
1669.0000 	0.4855 
1670.0000 	0.4858 
1671.0000 	0.4861 
1672.0000 	0.4864 
1673.0000 	0.4867 
1674.0000 	0.4870 
1675.0000 	0.4873 
1676.0000 	0.4876 
1677.0000 	0.4879 
1678.0000 	0.4882 
1679.0000 	0.4885 
1680.0000 	0.4888 
1681.0000 	0.4890 
1682.0000 	0.4893 
1683.0000 	0.4896 
1684.0000 	0.4899 
1685.0000 	0.4902 
1686.0000 	0.4905 
1687.0000 	0.4908 
1688.0000 	0.4911 
1689.0000 	0.4914 
1690.0000 	0.4917 
1691.0000 	0.4920 
1692.0000 	0.4923 
1693.0000 	0.4926 
1694.0000 	0.4929 
1695.0000 	0.4932 
1696.0000 	0.4935 
1697.0000 	0.4938 
1698.0000 	0.4941 
1699.0000 	0.4944 
1700.0000 	0.4947 
1701.0000 	0.4950 
1702.0000 	0.4953 
1703.0000 	0.4956 
1704.0000 	0.4959 
1705.0000 	0.4962 
1706.0000 	0.4965 
1707.0000 	0.4968 
1708.0000 	0.4971 
1709.0000 	0.4974 
1710.0000 	0.4977 
1711.0000 	0.4980 
1712.0000 	0.4983 
1713.0000 	0.4986 
1714.0000 	0.4989 
1715.0000 	0.4992 
1716.0000 	0.4995 
1717.0000 	0.4998 
1718.0000 	0.5001 
1719.0000 	0.5004 
1720.0000 	0.5007 
1721.0000 	0.5010 
1722.0000 	0.5013 
1723.0000 	0.5016 
1724.0000 	0.5019 
1725.0000 	0.5022 
1726.0000 	0.5025 
1727.0000 	0.5028 
1728.0000 	0.5031 
1729.0000 	0.5034 
1730.0000 	0.5037 
1731.0000 	0.5039 
1732.0000 	0.5042 
1733.0000 	0.5045 
1734.0000 	0.5048 
1735.0000 	0.5051 
1736.0000 	0.5054 
1737.0000 	0.5057 
1738.0000 	0.5060 
1739.0000 	0.5063 
1740.0000 	0.5066 
1741.0000 	0.5069 
1742.0000 	0.5072 
1743.0000 	0.5075 
1744.0000 	0.5078 
1745.0000 	0.5081 
1746.0000 	0.5084 
1747.0000 	0.5087 
1748.0000 	0.5090 
1749.0000 	0.5093 
1750.0000 	0.5096 
1751.0000 	0.5099 
1752.0000 	0.5102 
1753.0000 	0.5105 
1754.0000 	0.5108 
1755.0000 	0.5111 
1756.0000 	0.5114 
1757.0000 	0.5117 
1758.0000 	0.5120 
1759.0000 	0.5123 
1760.0000 	0.5126 
1761.0000 	0.5129 
1762.0000 	0.5132 
1763.0000 	0.5135 
1764.0000 	0.5138 
1765.0000 	0.5141 
1766.0000 	0.5144 
1767.0000 	0.5147 
1768.0000 	0.5150 
1769.0000 	0.5153 
1770.0000 	0.5156 
1771.0000 	0.5159 
1772.0000 	0.5162 
1773.0000 	0.5165 
1774.0000 	0.5168 
1775.0000 	0.5171 
1776.0000 	0.5174 
1777.0000 	0.5177 
1778.0000 	0.5180 
1779.0000 	0.5183 
1780.0000 	0.5186 
1781.0000 	0.5189 
1782.0000 	0.5191 
1783.0000 	0.5194 
1784.0000 	0.5197 
1785.0000 	0.5200 
1786.0000 	0.5203 
1787.0000 	0.5206 
1788.0000 	0.5209 
1789.0000 	0.5212 
1790.0000 	0.5215 
1791.0000 	0.5218 
1792.0000 	0.5221 
1793.0000 	0.5224 
1794.0000 	0.5227 
1795.0000 	0.5230 
1796.0000 	0.5233 
1797.0000 	0.5236 
1798.0000 	0.5239 
1799.0000 	0.5242 
1800.0000 	0.5245 
1801.0000 	0.5248 
1802.0000 	0.5251 
1803.0000 	0.5254 
1804.0000 	0.5257 
1805.0000 	0.5260 
1806.0000 	0.5263 
1807.0000 	0.5266 
1808.0000 	0.5269 
1809.0000 	0.5272 
1810.0000 	0.5275 
1811.0000 	0.5278 
1812.0000 	0.5281 
1813.0000 	0.5284 
1814.0000 	0.5287 
1815.0000 	0.5290 
1816.0000 	0.5293 
1817.0000 	0.5296 
1818.0000 	0.5299 
1819.0000 	0.5302 
1820.0000 	0.5305 
1821.0000 	0.5308 
1822.0000 	0.5311 
1823.0000 	0.5314 
1824.0000 	0.5317 
1825.0000 	0.5320 
1826.0000 	0.5323 
1827.0000 	0.5326 
1828.0000 	0.5329 
1829.0000 	0.5332 
1830.0000 	0.5335 
1831.0000 	0.5338 
1832.0000 	0.5340 
1833.0000 	0.5343 
1834.0000 	0.5346 
1835.0000 	0.5349 
1836.0000 	0.5352 
1837.0000 	0.5355 
1838.0000 	0.5358 
1839.0000 	0.5361 
1840.0000 	0.5364 
1841.0000 	0.5367 
1842.0000 	0.5370 
1843.0000 	0.5373 
1844.0000 	0.5376 
1845.0000 	0.5379 
1846.0000 	0.5382 
1847.0000 	0.5385 
1848.0000 	0.5388 
1849.0000 	0.5391 
1850.0000 	0.5394 
1851.0000 	0.5397 
1852.0000 	0.5400 
1853.0000 	0.5403 
1854.0000 	0.5406 
1855.0000 	0.5409 
1856.0000 	0.5412 
1857.0000 	0.5415 
1858.0000 	0.5418 
1859.0000 	0.5421 
1860.0000 	0.5424 
1861.0000 	0.5427 
1862.0000 	0.5430 
1863.0000 	0.5433 
1864.0000 	0.5436 
1865.0000 	0.5439 
1866.0000 	0.5442 
1867.0000 	0.5445 
1868.0000 	0.5448 
1869.0000 	0.5451 
1870.0000 	0.5454 
1871.0000 	0.5457 
1872.0000 	0.5460 
1873.0000 	0.5463 
1874.0000 	0.5466 
1875.0000 	0.5469 
1876.0000 	0.5472 
1877.0000 	0.5475 
1878.0000 	0.5478 
1879.0000 	0.5481 
1880.0000 	0.5484 
1881.0000 	0.5487 
1882.0000 	0.5490 
1883.0000 	0.5492 
1884.0000 	0.5495 
1885.0000 	0.5498 
1886.0000 	0.5501 
1887.0000 	0.5504 
1888.0000 	0.5507 
1889.0000 	0.5510 
1890.0000 	0.5513 
1891.0000 	0.5516 
1892.0000 	0.5519 
1893.0000 	0.5522 
1894.0000 	0.5525 
1895.0000 	0.5528 
1896.0000 	0.5531 
1897.0000 	0.5534 
1898.0000 	0.5537 
1899.0000 	0.5540 
1900.0000 	0.5543 
1901.0000 	0.5546 
1902.0000 	0.5549 
1903.0000 	0.5552 
1904.0000 	0.5555 
1905.0000 	0.5558 
1906.0000 	0.5561 
1907.0000 	0.5564 
1908.0000 	0.5567 
1909.0000 	0.5570 
1910.0000 	0.5573 
1911.0000 	0.5576 
1912.0000 	0.5579 
1913.0000 	0.5582 
1914.0000 	0.5585 
1915.0000 	0.5588 
1916.0000 	0.5591 
1917.0000 	0.5594 
1918.0000 	0.5597 
1919.0000 	0.5600 
1920.0000 	0.5603 
1921.0000 	0.5606 
1922.0000 	0.5609 
1923.0000 	0.5612 
1924.0000 	0.5615 
1925.0000 	0.5618 
1926.0000 	0.5621 
1927.0000 	0.5624 
1928.0000 	0.5627 
1929.0000 	0.5630 
1930.0000 	0.5633 
1931.0000 	0.5636 
1932.0000 	0.5639 
1933.0000 	0.5641 
1934.0000 	0.5644 
1935.0000 	0.5647 
1936.0000 	0.5650 
1937.0000 	0.5653 
1938.0000 	0.5656 
1939.0000 	0.5659 
1940.0000 	0.5662 
1941.0000 	0.5665 
1942.0000 	0.5668 
1943.0000 	0.5671 
1944.0000 	0.5674 
1945.0000 	0.5677 
1946.0000 	0.5680 
1947.0000 	0.5683 
1948.0000 	0.5686 
1949.0000 	0.5689 
1950.0000 	0.5692 
1951.0000 	0.5695 
1952.0000 	0.5698 
1953.0000 	0.5701 
1954.0000 	0.5704 
1955.0000 	0.5707 
1956.0000 	0.5710 
1957.0000 	0.5713 
1958.0000 	0.5716 
1959.0000 	0.5719 
1960.0000 	0.5722 
1961.0000 	0.5725 
1962.0000 	0.5728 
1963.0000 	0.5731 
1964.0000 	0.5734 
1965.0000 	0.5737 
1966.0000 	0.5740 
1967.0000 	0.5743 
1968.0000 	0.5746 
1969.0000 	0.5749 
1970.0000 	0.5752 
1971.0000 	0.5755 
1972.0000 	0.5758 
1973.0000 	0.5761 
1974.0000 	0.5764 
1975.0000 	0.5767 
1976.0000 	0.5770 
1977.0000 	0.5773 
1978.0000 	0.5776 
1979.0000 	0.5779 
1980.0000 	0.5782 
1981.0000 	0.5785 
1982.0000 	0.5788 
1983.0000 	0.5790 
1984.0000 	0.5793 
1985.0000 	0.5796 
1986.0000 	0.5799 
1987.0000 	0.5802 
1988.0000 	0.5805 
1989.0000 	0.5808 
1990.0000 	0.5811 
1991.0000 	0.5814 
1992.0000 	0.5817 
1993.0000 	0.5820 
1994.0000 	0.5823 
1995.0000 	0.5826 
1996.0000 	0.5829 
1997.0000 	0.5832 
1998.0000 	0.5835 
1999.0000 	0.5838 
2000.0000 	0.5841 
2001.0000 	0.5844 
2002.0000 	0.5847 
2003.0000 	0.5850 
2004.0000 	0.5853 
2005.0000 	0.5856 
2006.0000 	0.5859 
2007.0000 	0.5862 
2008.0000 	0.5865 
2009.0000 	0.5868 
2010.0000 	0.5871 
2011.0000 	0.5874 
2012.0000 	0.5877 
2013.0000 	0.5880 
2014.0000 	0.5883 
2015.0000 	0.5886 
2016.0000 	0.5889 
2017.0000 	0.5892 
2018.0000 	0.5895 
2019.0000 	0.5898 
2020.0000 	0.5901 
2021.0000 	0.5904 
2022.0000 	0.5907 
2023.0000 	0.5910 
2024.0000 	0.5913 
2025.0000 	0.5916 
2026.0000 	0.5919 
2027.0000 	0.5922 
2028.0000 	0.5925 
2029.0000 	0.5928 
2030.0000 	0.5931 
2031.0000 	0.5934 
2032.0000 	0.5937 
2033.0000 	0.5940 
2034.0000 	0.5942 
2035.0000 	0.5945 
2036.0000 	0.5948 
2037.0000 	0.5951 
2038.0000 	0.5954 
2039.0000 	0.5957 
2040.0000 	0.5960 
2041.0000 	0.5963 
2042.0000 	0.5966 
2043.0000 	0.5969 
2044.0000 	0.5972 
2045.0000 	0.5975 
2046.0000 	0.5978 
2047.0000 	0.5981 
2048.0000 	0.5984 
2049.0000 	0.5987 
2050.0000 	0.5990 
2051.0000 	0.5993 
2052.0000 	0.5996 
2053.0000 	0.5999 
2054.0000 	0.6002 
2055.0000 	0.6005 
2056.0000 	0.6008 
2057.0000 	0.6011 
2058.0000 	0.6014 
2059.0000 	0.6017 
2060.0000 	0.6020 
2061.0000 	0.6023 
2062.0000 	0.6026 
2063.0000 	0.6029 
2064.0000 	0.6032 
2065.0000 	0.6035 
2066.0000 	0.6038 
2067.0000 	0.6041 
2068.0000 	0.6044 
2069.0000 	0.6047 
2070.0000 	0.6050 
2071.0000 	0.6053 
2072.0000 	0.6056 
2073.0000 	0.6059 
2074.0000 	0.6062 
2075.0000 	0.6065 
2076.0000 	0.6068 
2077.0000 	0.6071 
2078.0000 	0.6074 
2079.0000 	0.6077 
2080.0000 	0.6080 
2081.0000 	0.6083 
2082.0000 	0.6086 
2083.0000 	0.6089 
2084.0000 	0.6091 
2085.0000 	0.6094 
2086.0000 	0.6097 
2087.0000 	0.6100 
2088.0000 	0.6103 
2089.0000 	0.6106 
2090.0000 	0.6109 
2091.0000 	0.6112 
2092.0000 	0.6115 
2093.0000 	0.6118 
2094.0000 	0.6121 
2095.0000 	0.6124 
2096.0000 	0.6127 
2097.0000 	0.6130 
2098.0000 	0.6133 
2099.0000 	0.6136 
2100.0000 	0.6139 
2101.0000 	0.6142 
2102.0000 	0.6145 
2103.0000 	0.6148 
2104.0000 	0.6151 
2105.0000 	0.6154 
2106.0000 	0.6157 
2107.0000 	0.6160 
2108.0000 	0.6163 
2109.0000 	0.6166 
2110.0000 	0.6169 
2111.0000 	0.6172 
2112.0000 	0.6175 
2113.0000 	0.6178 
2114.0000 	0.6181 
2115.0000 	0.6184 
2116.0000 	0.6187 
2117.0000 	0.6190 
2118.0000 	0.6193 
2119.0000 	0.6196 
2120.0000 	0.6199 
2121.0000 	0.6202 
2122.0000 	0.6205 
2123.0000 	0.6208 
2124.0000 	0.6211 
2125.0000 	0.6214 
2126.0000 	0.6217 
2127.0000 	0.6220 
2128.0000 	0.6223 
2129.0000 	0.6226 
2130.0000 	0.6229 
2131.0000 	0.6232 
2132.0000 	0.6235 
2133.0000 	0.6238 
2134.0000 	0.6241 
2135.0000 	0.6243 
2136.0000 	0.6246 
2137.0000 	0.6249 
2138.0000 	0.6252 
2139.0000 	0.6255 
2140.0000 	0.6258 
2141.0000 	0.6261 
2142.0000 	0.6264 
2143.0000 	0.6267 
2144.0000 	0.6270 
2145.0000 	0.6273 
2146.0000 	0.6276 
2147.0000 	0.6279 
2148.0000 	0.6282 
2149.0000 	0.6285 
2150.0000 	0.6288 
2151.0000 	0.6291 
2152.0000 	0.6294 
2153.0000 	0.6297 
2154.0000 	0.6300 
2155.0000 	0.6303 
2156.0000 	0.6306 
2157.0000 	0.6309 
2158.0000 	0.6312 
2159.0000 	0.6315 
2160.0000 	0.6318 
2161.0000 	0.6321 
2162.0000 	0.6324 
2163.0000 	0.6327 
2164.0000 	0.6330 
2165.0000 	0.6333 
2166.0000 	0.6336 
2167.0000 	0.6339 
2168.0000 	0.6342 
2169.0000 	0.6345 
2170.0000 	0.6348 
2171.0000 	0.6351 
2172.0000 	0.6354 
2173.0000 	0.6357 
2174.0000 	0.6360 
2175.0000 	0.6363 
2176.0000 	0.6366 
2177.0000 	0.6369 
2178.0000 	0.6372 
2179.0000 	0.6375 
2180.0000 	0.6378 
2181.0000 	0.6381 
2182.0000 	0.6384 
2183.0000 	0.6387 
2184.0000 	0.6390 
2185.0000 	0.6392 
2186.0000 	0.6395 
2187.0000 	0.6398 
2188.0000 	0.6401 
2189.0000 	0.6404 
2190.0000 	0.6407 
2191.0000 	0.6410 
2192.0000 	0.6413 
2193.0000 	0.6416 
2194.0000 	0.6419 
2195.0000 	0.6422 
2196.0000 	0.6425 
2197.0000 	0.6428 
2198.0000 	0.6431 
2199.0000 	0.6434 
2200.0000 	0.6437 
2201.0000 	0.6440 
2202.0000 	0.6443 
2203.0000 	0.6446 
2204.0000 	0.6449 
2205.0000 	0.6452 
2206.0000 	0.6455 
2207.0000 	0.6458 
2208.0000 	0.6461 
2209.0000 	0.6464 
2210.0000 	0.6467 
2211.0000 	0.6470 
2212.0000 	0.6473 
2213.0000 	0.6476 
2214.0000 	0.6479 
2215.0000 	0.6482 
2216.0000 	0.6485 
2217.0000 	0.6488 
2218.0000 	0.6491 
2219.0000 	0.6494 
2220.0000 	0.6497 
2221.0000 	0.6500 
2222.0000 	0.6503 
2223.0000 	0.6506 
2224.0000 	0.6509 
2225.0000 	0.6512 
2226.0000 	0.6515 
2227.0000 	0.6518 
2228.0000 	0.6521 
2229.0000 	0.6524 
2230.0000 	0.6527 
2231.0000 	0.6530 
2232.0000 	0.6533 
2233.0000 	0.6536 
2234.0000 	0.6539 
2235.0000 	0.6542 
2236.0000 	0.6544 
2237.0000 	0.6547 
2238.0000 	0.6550 
2239.0000 	0.6553 
2240.0000 	0.6556 
2241.0000 	0.6559 
2242.0000 	0.6562 
2243.0000 	0.6565 
2244.0000 	0.6568 
2245.0000 	0.6571 
2246.0000 	0.6574 
2247.0000 	0.6577 
2248.0000 	0.6580 
2249.0000 	0.6583 
2250.0000 	0.6586 
2251.0000 	0.6589 
2252.0000 	0.6592 
2253.0000 	0.6595 
2254.0000 	0.6598 
2255.0000 	0.6601 
2256.0000 	0.6604 
2257.0000 	0.6607 
2258.0000 	0.6610 
2259.0000 	0.6613 
2260.0000 	0.6616 
2261.0000 	0.6619 
2262.0000 	0.6622 
2263.0000 	0.6625 
2264.0000 	0.6628 
2265.0000 	0.6631 
2266.0000 	0.6634 
2267.0000 	0.6637 
2268.0000 	0.6640 
2269.0000 	0.6643 
2270.0000 	0.6646 
2271.0000 	0.6649 
2272.0000 	0.6652 
2273.0000 	0.6655 
2274.0000 	0.6658 
2275.0000 	0.6661 
2276.0000 	0.6664 
2277.0000 	0.6667 
2278.0000 	0.6670 
2279.0000 	0.6673 
2280.0000 	0.6676 
2281.0000 	0.6679 
2282.0000 	0.6682 
2283.0000 	0.6685 
2284.0000 	0.6688 
2285.0000 	0.6691 
2286.0000 	0.6693 
2287.0000 	0.6696 
2288.0000 	0.6699 
2289.0000 	0.6702 
2290.0000 	0.6705 
2291.0000 	0.6708 
2292.0000 	0.6711 
2293.0000 	0.6714 
2294.0000 	0.6717 
2295.0000 	0.6720 
2296.0000 	0.6723 
2297.0000 	0.6726 
2298.0000 	0.6729 
2299.0000 	0.6732 
2300.0000 	0.6735 
2301.0000 	0.6738 
2302.0000 	0.6741 
2303.0000 	0.6744 
2304.0000 	0.6747 
2305.0000 	0.6750 
2306.0000 	0.6753 
2307.0000 	0.6756 
2308.0000 	0.6759 
2309.0000 	0.6762 
2310.0000 	0.6765 
2311.0000 	0.6768 
2312.0000 	0.6771 
2313.0000 	0.6774 
2314.0000 	0.6777 
2315.0000 	0.6780 
2316.0000 	0.6783 
2317.0000 	0.6786 
2318.0000 	0.6789 
2319.0000 	0.6792 
2320.0000 	0.6795 
2321.0000 	0.6798 
2322.0000 	0.6801 
2323.0000 	0.6804 
2324.0000 	0.6807 
2325.0000 	0.6810 
2326.0000 	0.6813 
2327.0000 	0.6816 
2328.0000 	0.6819 
2329.0000 	0.6822 
2330.0000 	0.6825 
2331.0000 	0.6828 
2332.0000 	0.6831 
2333.0000 	0.6834 
2334.0000 	0.6837 
2335.0000 	0.6840 
2336.0000 	0.6843 
2337.0000 	0.6845 
2338.0000 	0.6848 
2339.0000 	0.6851 
2340.0000 	0.6854 
2341.0000 	0.6857 
2342.0000 	0.6860 
2343.0000 	0.6863 
2344.0000 	0.6866 
2345.0000 	0.6869 
2346.0000 	0.6872 
2347.0000 	0.6875 
2348.0000 	0.6878 
2349.0000 	0.6881 
2350.0000 	0.6884 
2351.0000 	0.6887 
2352.0000 	0.6890 
2353.0000 	0.6893 
2354.0000 	0.6896 
2355.0000 	0.6899 
2356.0000 	0.6902 
2357.0000 	0.6905 
2358.0000 	0.6908 
2359.0000 	0.6911 
2360.0000 	0.6914 
2361.0000 	0.6917 
2362.0000 	0.6920 
2363.0000 	0.6923 
2364.0000 	0.6926 
2365.0000 	0.6929 
2366.0000 	0.6932 
2367.0000 	0.6935 
2368.0000 	0.6938 
2369.0000 	0.6941 
2370.0000 	0.6944 
2371.0000 	0.6947 
2372.0000 	0.6950 
2373.0000 	0.6953 
2374.0000 	0.6956 
2375.0000 	0.6959 
2376.0000 	0.6962 
2377.0000 	0.6965 
2378.0000 	0.6968 
2379.0000 	0.6971 
2380.0000 	0.6974 
2381.0000 	0.6977 
2382.0000 	0.6980 
2383.0000 	0.6983 
2384.0000 	0.6986 
2385.0000 	0.6989 
2386.0000 	0.6992 
2387.0000 	0.6994 
2388.0000 	0.6997 
2389.0000 	0.7000 
2390.0000 	0.7003 
2391.0000 	0.7006 
2392.0000 	0.7009 
2393.0000 	0.7012 
2394.0000 	0.7015 
2395.0000 	0.7018 
2396.0000 	0.7021 
2397.0000 	0.7024 
2398.0000 	0.7027 
2399.0000 	0.7030 
2400.0000 	0.7033 
2401.0000 	0.7036 
2402.0000 	0.7039 
2403.0000 	0.7042 
2404.0000 	0.7045 
2405.0000 	0.7048 
2406.0000 	0.7051 
2407.0000 	0.7054 
2408.0000 	0.7057 
2409.0000 	0.7060 
2410.0000 	0.7063 
2411.0000 	0.7066 
2412.0000 	0.7069 
2413.0000 	0.7072 
2414.0000 	0.7075 
2415.0000 	0.7078 
2416.0000 	0.7081 
2417.0000 	0.7084 
2418.0000 	0.7087 
2419.0000 	0.7090 
2420.0000 	0.7093 
2421.0000 	0.7096 
2422.0000 	0.7099 
2423.0000 	0.7102 
2424.0000 	0.7105 
2425.0000 	0.7108 
2426.0000 	0.7111 
2427.0000 	0.7114 
2428.0000 	0.7117 
2429.0000 	0.7120 
2430.0000 	0.7123 
2431.0000 	0.7126 
2432.0000 	0.7129 
2433.0000 	0.7132 
2434.0000 	0.7135 
2435.0000 	0.7138 
2436.0000 	0.7141 
2437.0000 	0.7144 
2438.0000 	0.7146 
2439.0000 	0.7149 
2440.0000 	0.7152 
2441.0000 	0.7155 
2442.0000 	0.7158 
2443.0000 	0.7161 
2444.0000 	0.7164 
2445.0000 	0.7167 
2446.0000 	0.7170 
2447.0000 	0.7173 
2448.0000 	0.7176 
2449.0000 	0.7179 
2450.0000 	0.7182 
2451.0000 	0.7185 
2452.0000 	0.7188 
2453.0000 	0.7191 
2454.0000 	0.7194 
2455.0000 	0.7197 
2456.0000 	0.7200 
2457.0000 	0.7203 
2458.0000 	0.7206 
2459.0000 	0.7209 
2460.0000 	0.7212 
2461.0000 	0.7215 
2462.0000 	0.7218 
2463.0000 	0.7221 
2464.0000 	0.7224 
2465.0000 	0.7227 
2466.0000 	0.7230 
2467.0000 	0.7233 
2468.0000 	0.7236 
2469.0000 	0.7239 
2470.0000 	0.7242 
2471.0000 	0.7245 
2472.0000 	0.7248 
2473.0000 	0.7251 
2474.0000 	0.7254 
2475.0000 	0.7257 
2476.0000 	0.7260 
2477.0000 	0.7263 
2478.0000 	0.7266 
2479.0000 	0.7269 
2480.0000 	0.7272 
2481.0000 	0.7275 
2482.0000 	0.7278 
2483.0000 	0.7281 
2484.0000 	0.7284 
2485.0000 	0.7287 
2486.0000 	0.7290 
2487.0000 	0.7293 
2488.0000 	0.7295 
2489.0000 	0.7298 
2490.0000 	0.7301 
2491.0000 	0.7304 
2492.0000 	0.7307 
2493.0000 	0.7310 
2494.0000 	0.7313 
2495.0000 	0.7316 
2496.0000 	0.7319 
2497.0000 	0.7322 
2498.0000 	0.7325 
2499.0000 	0.7328 
2500.0000 	0.7331 
2501.0000 	0.7334 
2502.0000 	0.7337 
2503.0000 	0.7340 
2504.0000 	0.7343 
2505.0000 	0.7346 
2506.0000 	0.7349 
2507.0000 	0.7352 
2508.0000 	0.7355 
2509.0000 	0.7358 
2510.0000 	0.7361 
2511.0000 	0.7364 
2512.0000 	0.7367 
2513.0000 	0.7370 
2514.0000 	0.7373 
2515.0000 	0.7376 
2516.0000 	0.7379 
2517.0000 	0.7382 
2518.0000 	0.7385 
2519.0000 	0.7388 
2520.0000 	0.7391 
2521.0000 	0.7394 
2522.0000 	0.7397 
2523.0000 	0.7400 
2524.0000 	0.7403 
2525.0000 	0.7406 
2526.0000 	0.7409 
2527.0000 	0.7412 
2528.0000 	0.7415 
2529.0000 	0.7418 
2530.0000 	0.7421 
2531.0000 	0.7424 
2532.0000 	0.7427 
2533.0000 	0.7430 
2534.0000 	0.7433 
2535.0000 	0.7436 
2536.0000 	0.7439 
2537.0000 	0.7442 
2538.0000 	0.7445 
2539.0000 	0.7447 
2540.0000 	0.7450 
2541.0000 	0.7453 
2542.0000 	0.7456 
2543.0000 	0.7459 
2544.0000 	0.7462 
2545.0000 	0.7465 
2546.0000 	0.7468 
2547.0000 	0.7471 
2548.0000 	0.7474 
2549.0000 	0.7477 
2550.0000 	0.7480 
2551.0000 	0.7483 
2552.0000 	0.7486 
2553.0000 	0.7489 
2554.0000 	0.7492 
2555.0000 	0.7495 
2556.0000 	0.7498 
2557.0000 	0.7501 
2558.0000 	0.7504 
2559.0000 	0.7507 
2560.0000 	0.7510 
2561.0000 	0.7513 
2562.0000 	0.7516 
2563.0000 	0.7519 
2564.0000 	0.7522 
2565.0000 	0.7525 
2566.0000 	0.7528 
2567.0000 	0.7531 
2568.0000 	0.7534 
2569.0000 	0.7537 
2570.0000 	0.7540 
2571.0000 	0.7543 
2572.0000 	0.7546 
2573.0000 	0.7549 
2574.0000 	0.7552 
2575.0000 	0.7555 
2576.0000 	0.7558 
2577.0000 	0.7561 
2578.0000 	0.7564 
2579.0000 	0.7567 
2580.0000 	0.7570 
2581.0000 	0.7573 
2582.0000 	0.7576 
2583.0000 	0.7579 
2584.0000 	0.7582 
2585.0000 	0.7585 
2586.0000 	0.7588 
2587.0000 	0.7591 
2588.0000 	0.7594 
2589.0000 	0.7596 
2590.0000 	0.7599 
2591.0000 	0.7602 
2592.0000 	0.7605 
2593.0000 	0.7608 
2594.0000 	0.7611 
2595.0000 	0.7614 
2596.0000 	0.7617 
2597.0000 	0.7620 
2598.0000 	0.7623 
2599.0000 	0.7626 
2600.0000 	0.7629 
2601.0000 	0.7632 
2602.0000 	0.7635 
2603.0000 	0.7638 
2604.0000 	0.7641 
2605.0000 	0.7644 
2606.0000 	0.7647 
2607.0000 	0.7650 
2608.0000 	0.7653 
2609.0000 	0.7656 
2610.0000 	0.7659 
2611.0000 	0.7662 
2612.0000 	0.7665 
2613.0000 	0.7668 
2614.0000 	0.7671 
2615.0000 	0.7674 
2616.0000 	0.7677 
2617.0000 	0.7680 
2618.0000 	0.7683 
2619.0000 	0.7686 
2620.0000 	0.7689 
2621.0000 	0.7692 
2622.0000 	0.7695 
2623.0000 	0.7698 
2624.0000 	0.7701 
2625.0000 	0.7704 
2626.0000 	0.7707 
2627.0000 	0.7710 
2628.0000 	0.7713 
2629.0000 	0.7716 
2630.0000 	0.7719 
2631.0000 	0.7722 
2632.0000 	0.7725 
2633.0000 	0.7728 
2634.0000 	0.7731 
2635.0000 	0.7734 
2636.0000 	0.7737 
2637.0000 	0.7740 
2638.0000 	0.7743 
2639.0000 	0.7745 
2640.0000 	0.7748 
2641.0000 	0.7751 
2642.0000 	0.7754 
2643.0000 	0.7757 
2644.0000 	0.7760 
2645.0000 	0.7763 
2646.0000 	0.7766 
2647.0000 	0.7769 
2648.0000 	0.7772 
2649.0000 	0.7775 
2650.0000 	0.7778 
2651.0000 	0.7781 
2652.0000 	0.7784 
2653.0000 	0.7787 
2654.0000 	0.7790 
2655.0000 	0.7793 
2656.0000 	0.7796 
2657.0000 	0.7799 
2658.0000 	0.7802 
2659.0000 	0.7805 
2660.0000 	0.7808 
2661.0000 	0.7811 
2662.0000 	0.7814 
2663.0000 	0.7817 
2664.0000 	0.7820 
2665.0000 	0.7823 
2666.0000 	0.7826 
2667.0000 	0.7829 
2668.0000 	0.7832 
2669.0000 	0.7835 
2670.0000 	0.7838 
2671.0000 	0.7841 
2672.0000 	0.7844 
2673.0000 	0.7847 
2674.0000 	0.7850 
2675.0000 	0.7853 
2676.0000 	0.7856 
2677.0000 	0.7859 
2678.0000 	0.7862 
2679.0000 	0.7865 
2680.0000 	0.7868 
2681.0000 	0.7871 
2682.0000 	0.7874 
2683.0000 	0.7877 
2684.0000 	0.7880 
2685.0000 	0.7883 
2686.0000 	0.7886 
2687.0000 	0.7889 
2688.0000 	0.7892 
2689.0000 	0.7895 
2690.0000 	0.7897 
2691.0000 	0.7900 
2692.0000 	0.7903 
2693.0000 	0.7906 
2694.0000 	0.7909 
2695.0000 	0.7912 
2696.0000 	0.7915 
2697.0000 	0.7918 
2698.0000 	0.7921 
2699.0000 	0.7924 
2700.0000 	0.7927 
2701.0000 	0.7930 
2702.0000 	0.7933 
2703.0000 	0.7936 
2704.0000 	0.7939 
2705.0000 	0.7942 
2706.0000 	0.7945 
2707.0000 	0.7948 
2708.0000 	0.7951 
2709.0000 	0.7954 
2710.0000 	0.7957 
2711.0000 	0.7960 
2712.0000 	0.7963 
2713.0000 	0.7966 
2714.0000 	0.7969 
2715.0000 	0.7972 
2716.0000 	0.7975 
2717.0000 	0.7978 
2718.0000 	0.7981 
2719.0000 	0.7984 
2720.0000 	0.7987 
2721.0000 	0.7990 
2722.0000 	0.7993 
2723.0000 	0.7996 
2724.0000 	0.7999 
2725.0000 	0.8002 
2726.0000 	0.8005 
2727.0000 	0.8008 
2728.0000 	0.8011 
2729.0000 	0.8014 
2730.0000 	0.8017 
2731.0000 	0.8020 
2732.0000 	0.8023 
2733.0000 	0.8026 
2734.0000 	0.8029 
2735.0000 	0.8032 
2736.0000 	0.8035 
2737.0000 	0.8038 
2738.0000 	0.8041 
2739.0000 	0.8044 
2740.0000 	0.8046 
2741.0000 	0.8049 
2742.0000 	0.8052 
2743.0000 	0.8055 
2744.0000 	0.8058 
2745.0000 	0.8061 
2746.0000 	0.8064 
2747.0000 	0.8067 
2748.0000 	0.8070 
2749.0000 	0.8073 
2750.0000 	0.8076 
2751.0000 	0.8079 
2752.0000 	0.8082 
2753.0000 	0.8085 
2754.0000 	0.8088 
2755.0000 	0.8091 
2756.0000 	0.8094 
2757.0000 	0.8097 
2758.0000 	0.8100 
2759.0000 	0.8103 
2760.0000 	0.8106 
2761.0000 	0.8109 
2762.0000 	0.8112 
2763.0000 	0.8115 
2764.0000 	0.8118 
2765.0000 	0.8121 
2766.0000 	0.8124 
2767.0000 	0.8127 
2768.0000 	0.8130 
2769.0000 	0.8133 
2770.0000 	0.8136 
2771.0000 	0.8139 
2772.0000 	0.8142 
2773.0000 	0.8145 
2774.0000 	0.8148 
2775.0000 	0.8151 
2776.0000 	0.8154 
2777.0000 	0.8157 
2778.0000 	0.8160 
2779.0000 	0.8163 
2780.0000 	0.8166 
2781.0000 	0.8169 
2782.0000 	0.8172 
2783.0000 	0.8175 
2784.0000 	0.8178 
2785.0000 	0.8181 
2786.0000 	0.8184 
2787.0000 	0.8187 
2788.0000 	0.8190 
2789.0000 	0.8193 
2790.0000 	0.8196 
2791.0000 	0.8198 
2792.0000 	0.8201 
2793.0000 	0.8204 
2794.0000 	0.8207 
2795.0000 	0.8210 
2796.0000 	0.8213 
2797.0000 	0.8216 
2798.0000 	0.8219 
2799.0000 	0.8222 
2800.0000 	0.8225 
2801.0000 	0.8228 
2802.0000 	0.8231 
2803.0000 	0.8234 
2804.0000 	0.8237 
2805.0000 	0.8240 
2806.0000 	0.8243 
2807.0000 	0.8246 
2808.0000 	0.8249 
2809.0000 	0.8252 
2810.0000 	0.8255 
2811.0000 	0.8258 
2812.0000 	0.8261 
2813.0000 	0.8264 
2814.0000 	0.8267 
2815.0000 	0.8270 
2816.0000 	0.8273 
2817.0000 	0.8276 
2818.0000 	0.8279 
2819.0000 	0.8282 
2820.0000 	0.8285 
2821.0000 	0.8288 
2822.0000 	0.8291 
2823.0000 	0.8294 
2824.0000 	0.8297 
2825.0000 	0.8300 
2826.0000 	0.8303 
2827.0000 	0.8306 
2828.0000 	0.8309 
2829.0000 	0.8312 
2830.0000 	0.8315 
2831.0000 	0.8318 
2832.0000 	0.8321 
2833.0000 	0.8324 
2834.0000 	0.8327 
2835.0000 	0.8330 
2836.0000 	0.8333 
2837.0000 	0.8336 
2838.0000 	0.8339 
2839.0000 	0.8342 
2840.0000 	0.8345 
2841.0000 	0.8347 
2842.0000 	0.8350 
2843.0000 	0.8353 
2844.0000 	0.8356 
2845.0000 	0.8359 
2846.0000 	0.8362 
2847.0000 	0.8365 
2848.0000 	0.8368 
2849.0000 	0.8371 
2850.0000 	0.8374 
2851.0000 	0.8377 
2852.0000 	0.8380 
2853.0000 	0.8383 
2854.0000 	0.8386 
2855.0000 	0.8389 
2856.0000 	0.8392 
2857.0000 	0.8395 
2858.0000 	0.8398 
2859.0000 	0.8401 
2860.0000 	0.8404 
2861.0000 	0.8407 
2862.0000 	0.8410 
2863.0000 	0.8413 
2864.0000 	0.8416 
2865.0000 	0.8419 
2866.0000 	0.8422 
2867.0000 	0.8425 
2868.0000 	0.8428 
2869.0000 	0.8431 
2870.0000 	0.8434 
2871.0000 	0.8437 
2872.0000 	0.8440 
2873.0000 	0.8443 
2874.0000 	0.8446 
2875.0000 	0.8449 
2876.0000 	0.8452 
2877.0000 	0.8455 
2878.0000 	0.8458 
2879.0000 	0.8461 
2880.0000 	0.8464 
2881.0000 	0.8467 
2882.0000 	0.8470 
2883.0000 	0.8473 
2884.0000 	0.8476 
2885.0000 	0.8479 
2886.0000 	0.8482 
2887.0000 	0.8485 
2888.0000 	0.8488 
2889.0000 	0.8491 
2890.0000 	0.8494 
2891.0000 	0.8497 
2892.0000 	0.8499 
2893.0000 	0.8502 
2894.0000 	0.8505 
2895.0000 	0.8508 
2896.0000 	0.8511 
2897.0000 	0.8514 
2898.0000 	0.8517 
2899.0000 	0.8520 
2900.0000 	0.8523 
2901.0000 	0.8526 
2902.0000 	0.8529 
2903.0000 	0.8532 
2904.0000 	0.8535 
2905.0000 	0.8538 
2906.0000 	0.8541 
2907.0000 	0.8544 
2908.0000 	0.8547 
2909.0000 	0.8550 
2910.0000 	0.8553 
2911.0000 	0.8556 
2912.0000 	0.8559 
2913.0000 	0.8562 
2914.0000 	0.8565 
2915.0000 	0.8568 
2916.0000 	0.8571 
2917.0000 	0.8574 
2918.0000 	0.8577 
2919.0000 	0.8580 
2920.0000 	0.8583 
2921.0000 	0.8586 
2922.0000 	0.8589 
2923.0000 	0.8592 
2924.0000 	0.8595 
2925.0000 	0.8598 
2926.0000 	0.8601 
2927.0000 	0.8604 
2928.0000 	0.8607 
2929.0000 	0.8610 
2930.0000 	0.8613 
2931.0000 	0.8616 
2932.0000 	0.8619 
2933.0000 	0.8622 
2934.0000 	0.8625 
2935.0000 	0.8628 
2936.0000 	0.8631 
2937.0000 	0.8634 
2938.0000 	0.8637 
2939.0000 	0.8640 
2940.0000 	0.8643 
2941.0000 	0.8646 
2942.0000 	0.8648 
2943.0000 	0.8651 
2944.0000 	0.8654 
2945.0000 	0.8657 
2946.0000 	0.8660 
2947.0000 	0.8663 
2948.0000 	0.8666 
2949.0000 	0.8669 
2950.0000 	0.8672 
2951.0000 	0.8675 
2952.0000 	0.8678 
2953.0000 	0.8681 
2954.0000 	0.8684 
2955.0000 	0.8687 
2956.0000 	0.8690 
2957.0000 	0.8693 
2958.0000 	0.8696 
2959.0000 	0.8699 
2960.0000 	0.8702 
2961.0000 	0.8705 
2962.0000 	0.8708 
2963.0000 	0.8711 
2964.0000 	0.8714 
2965.0000 	0.8717 
2966.0000 	0.8720 
2967.0000 	0.8723 
2968.0000 	0.8726 
2969.0000 	0.8729 
2970.0000 	0.8732 
2971.0000 	0.8735 
2972.0000 	0.8738 
2973.0000 	0.8741 
2974.0000 	0.8744 
2975.0000 	0.8747 
2976.0000 	0.8750 
2977.0000 	0.8753 
2978.0000 	0.8756 
2979.0000 	0.8759 
2980.0000 	0.8762 
2981.0000 	0.8765 
2982.0000 	0.8768 
2983.0000 	0.8771 
2984.0000 	0.8774 
2985.0000 	0.8777 
2986.0000 	0.8780 
2987.0000 	0.8783 
2988.0000 	0.8786 
2989.0000 	0.8789 
2990.0000 	0.8792 
2991.0000 	0.8795 
2992.0000 	0.8798 
2993.0000 	0.8800 
2994.0000 	0.8803 
2995.0000 	0.8806 
2996.0000 	0.8809 
2997.0000 	0.8812 
2998.0000 	0.8815 
2999.0000 	0.8818 
3000.0000 	0.8821 
3001.0000 	0.8824 
3002.0000 	0.8827 
3003.0000 	0.8830 
3004.0000 	0.8833 
3005.0000 	0.8836 
3006.0000 	0.8839 
3007.0000 	0.8842 
3008.0000 	0.8845 
3009.0000 	0.8848 
3010.0000 	0.8851 
3011.0000 	0.8854 
3012.0000 	0.8857 
3013.0000 	0.8860 
3014.0000 	0.8863 
3015.0000 	0.8866 
3016.0000 	0.8869 
3017.0000 	0.8872 
3018.0000 	0.8875 
3019.0000 	0.8878 
3020.0000 	0.8881 
3021.0000 	0.8884 
3022.0000 	0.8887 
3023.0000 	0.8890 
3024.0000 	0.8893 
3025.0000 	0.8896 
3026.0000 	0.8899 
3027.0000 	0.8902 
3028.0000 	0.8905 
3029.0000 	0.8908 
3030.0000 	0.8911 
3031.0000 	0.8914 
3032.0000 	0.8917 
3033.0000 	0.8920 
3034.0000 	0.8923 
3035.0000 	0.8926 
3036.0000 	0.8929 
3037.0000 	0.8932 
3038.0000 	0.8935 
3039.0000 	0.8938 
3040.0000 	0.8941 
3041.0000 	0.8944 
3042.0000 	0.8947 
3043.0000 	0.8949 
3044.0000 	0.8952 
3045.0000 	0.8955 
3046.0000 	0.8958 
3047.0000 	0.8961 
3048.0000 	0.8964 
3049.0000 	0.8967 
3050.0000 	0.8970 
3051.0000 	0.8973 
3052.0000 	0.8976 
3053.0000 	0.8979 
3054.0000 	0.8982 
3055.0000 	0.8985 
3056.0000 	0.8988 
3057.0000 	0.8991 
3058.0000 	0.8994 
3059.0000 	0.8997 
3060.0000 	0.9000 
3061.0000 	0.9003 
3062.0000 	0.9006 
3063.0000 	0.9009 
3064.0000 	0.9012 
3065.0000 	0.9015 
3066.0000 	0.9018 
3067.0000 	0.9021 
3068.0000 	0.9024 
3069.0000 	0.9027 
3070.0000 	0.9030 
3071.0000 	0.9033 
3072.0000 	0.9036 
3073.0000 	0.9039 
3074.0000 	0.9042 
3075.0000 	0.9045 
3076.0000 	0.9048 
3077.0000 	0.9051 
3078.0000 	0.9054 
3079.0000 	0.9057 
3080.0000 	0.9060 
3081.0000 	0.9063 
3082.0000 	0.9066 
3083.0000 	0.9069 
3084.0000 	0.9072 
3085.0000 	0.9075 
3086.0000 	0.9078 
3087.0000 	0.9081 
3088.0000 	0.9084 
3089.0000 	0.9087 
3090.0000 	0.9090 
3091.0000 	0.9093 
3092.0000 	0.9096 
3093.0000 	0.9099 
3094.0000 	0.9101 
3095.0000 	0.9104 
3096.0000 	0.9107 
3097.0000 	0.9110 
3098.0000 	0.9113 
3099.0000 	0.9116 
3100.0000 	0.9119 
3101.0000 	0.9122 
3102.0000 	0.9125 
3103.0000 	0.9128 
3104.0000 	0.9131 
3105.0000 	0.9134 
3106.0000 	0.9137 
3107.0000 	0.9140 
3108.0000 	0.9143 
3109.0000 	0.9146 
3110.0000 	0.9149 
3111.0000 	0.9152 
3112.0000 	0.9155 
3113.0000 	0.9158 
3114.0000 	0.9161 
3115.0000 	0.9164 
3116.0000 	0.9167 
3117.0000 	0.9170 
3118.0000 	0.9173 
3119.0000 	0.9176 
3120.0000 	0.9179 
3121.0000 	0.9182 
3122.0000 	0.9185 
3123.0000 	0.9188 
3124.0000 	0.9191 
3125.0000 	0.9194 
3126.0000 	0.9197 
3127.0000 	0.9200 
3128.0000 	0.9203 
3129.0000 	0.9206 
3130.0000 	0.9209 
3131.0000 	0.9212 
3132.0000 	0.9215 
3133.0000 	0.9218 
3134.0000 	0.9221 
3135.0000 	0.9224 
3136.0000 	0.9227 
3137.0000 	0.9230 
3138.0000 	0.9233 
3139.0000 	0.9236 
3140.0000 	0.9239 
3141.0000 	0.9242 
3142.0000 	0.9245 
3143.0000 	0.9248 
3144.0000 	0.9250 
3145.0000 	0.9253 
3146.0000 	0.9256 
3147.0000 	0.9259 
3148.0000 	0.9262 
3149.0000 	0.9265 
3150.0000 	0.9268 
3151.0000 	0.9271 
3152.0000 	0.9274 
3153.0000 	0.9277 
3154.0000 	0.9280 
3155.0000 	0.9283 
3156.0000 	0.9286 
3157.0000 	0.9289 
3158.0000 	0.9292 
3159.0000 	0.9295 
3160.0000 	0.9298 
3161.0000 	0.9301 
3162.0000 	0.9304 
3163.0000 	0.9307 
3164.0000 	0.9310 
3165.0000 	0.9313 
3166.0000 	0.9316 
3167.0000 	0.9319 
3168.0000 	0.9322 
3169.0000 	0.9325 
3170.0000 	0.9328 
3171.0000 	0.9331 
3172.0000 	0.9334 
3173.0000 	0.9337 
3174.0000 	0.9340 
3175.0000 	0.9343 
3176.0000 	0.9346 
3177.0000 	0.9349 
3178.0000 	0.9352 
3179.0000 	0.9355 
3180.0000 	0.9358 
3181.0000 	0.9361 
3182.0000 	0.9364 
3183.0000 	0.9367 
3184.0000 	0.9370 
3185.0000 	0.9373 
3186.0000 	0.9376 
3187.0000 	0.9379 
3188.0000 	0.9382 
3189.0000 	0.9385 
3190.0000 	0.9388 
3191.0000 	0.9391 
3192.0000 	0.9394 
3193.0000 	0.9397 
3194.0000 	0.9400 
3195.0000 	0.9402 
3196.0000 	0.9405 
3197.0000 	0.9408 
3198.0000 	0.9411 
3199.0000 	0.9414 
3200.0000 	0.9417 
3201.0000 	0.9420 
3202.0000 	0.9423 
3203.0000 	0.9426 
3204.0000 	0.9429 
3205.0000 	0.9432 
3206.0000 	0.9435 
3207.0000 	0.9438 
3208.0000 	0.9441 
3209.0000 	0.9444 
3210.0000 	0.9447 
3211.0000 	0.9450 
3212.0000 	0.9453 
3213.0000 	0.9456 
3214.0000 	0.9459 
3215.0000 	0.9462 
3216.0000 	0.9465 
3217.0000 	0.9468 
3218.0000 	0.9471 
3219.0000 	0.9474 
3220.0000 	0.9477 
3221.0000 	0.9480 
3222.0000 	0.9483 
3223.0000 	0.9486 
3224.0000 	0.9489 
3225.0000 	0.9492 
3226.0000 	0.9495 
3227.0000 	0.9498 
3228.0000 	0.9501 
3229.0000 	0.9504 
3230.0000 	0.9507 
3231.0000 	0.9510 
3232.0000 	0.9513 
3233.0000 	0.9516 
3234.0000 	0.9519 
3235.0000 	0.9522 
3236.0000 	0.9525 
3237.0000 	0.9528 
3238.0000 	0.9531 
3239.0000 	0.9534 
3240.0000 	0.9537 
3241.0000 	0.9540 
3242.0000 	0.9543 
3243.0000 	0.9546 
3244.0000 	0.9549 
3245.0000 	0.9551 
3246.0000 	0.9554 
3247.0000 	0.9557 
3248.0000 	0.9560 
3249.0000 	0.9563 
3250.0000 	0.9566 
3251.0000 	0.9569 
3252.0000 	0.9572 
3253.0000 	0.9575 
3254.0000 	0.9578 
3255.0000 	0.9581 
3256.0000 	0.9584 
3257.0000 	0.9587 
3258.0000 	0.9590 
3259.0000 	0.9593 
3260.0000 	0.9596 
3261.0000 	0.9599 
3262.0000 	0.9602 
3263.0000 	0.9605 
3264.0000 	0.9608 
3265.0000 	0.9611 
3266.0000 	0.9614 
3267.0000 	0.9617 
3268.0000 	0.9620 
3269.0000 	0.9623 
3270.0000 	0.9626 
3271.0000 	0.9629 
3272.0000 	0.9632 
3273.0000 	0.9635 
3274.0000 	0.9638 
3275.0000 	0.9641 
3276.0000 	0.9644 
3277.0000 	0.9647 
3278.0000 	0.9650 
3279.0000 	0.9653 
3280.0000 	0.9656 
3281.0000 	0.9659 
3282.0000 	0.9662 
3283.0000 	0.9665 
3284.0000 	0.9668 
3285.0000 	0.9671 
3286.0000 	0.9674 
3287.0000 	0.9677 
3288.0000 	0.9680 
3289.0000 	0.9683 
3290.0000 	0.9686 
3291.0000 	0.9689 
3292.0000 	0.9692 
3293.0000 	0.9695 
3294.0000 	0.9698 
3295.0000 	0.9701 
3296.0000 	0.9703 
3297.0000 	0.9706 
3298.0000 	0.9709 
3299.0000 	0.9712 
3300.0000 	0.9715 
3301.0000 	0.9718 
3302.0000 	0.9721 
3303.0000 	0.9724 
3304.0000 	0.9727 
3305.0000 	0.9730 
3306.0000 	0.9733 
3307.0000 	0.9736 
3308.0000 	0.9739 
3309.0000 	0.9742 
3310.0000 	0.9745 
3311.0000 	0.9748 
3312.0000 	0.9751 
3313.0000 	0.9754 
3314.0000 	0.9757 
3315.0000 	0.9760 
3316.0000 	0.9763 
3317.0000 	0.9766 
3318.0000 	0.9769 
3319.0000 	0.9772 
3320.0000 	0.9775 
3321.0000 	0.9778 
3322.0000 	0.9781 
3323.0000 	0.9784 
3324.0000 	0.9787 
3325.0000 	0.9790 
3326.0000 	0.9793 
3327.0000 	0.9796 
3328.0000 	0.9799 
3329.0000 	0.9802 
3330.0000 	0.9805 
3331.0000 	0.9808 
3332.0000 	0.9811 
3333.0000 	0.9814 
3334.0000 	0.9817 
3335.0000 	0.9820 
3336.0000 	0.9823 
3337.0000 	0.9826 
3338.0000 	0.9829 
3339.0000 	0.9832 
3340.0000 	0.9835 
3341.0000 	0.9838 
3342.0000 	0.9841 
3343.0000 	0.9844 
3344.0000 	0.9847 
3345.0000 	0.9850 
3346.0000 	0.9852 
3347.0000 	0.9855 
3348.0000 	0.9858 
3349.0000 	0.9861 
3350.0000 	0.9864 
3351.0000 	0.9867 
3352.0000 	0.9870 
3353.0000 	0.9873 
3354.0000 	0.9876 
3355.0000 	0.9879 
3356.0000 	0.9882 
3357.0000 	0.9885 
3358.0000 	0.9888 
3359.0000 	0.9891 
3360.0000 	0.9894 
3361.0000 	0.9897 
3362.0000 	0.9900 
3363.0000 	0.9903 
3364.0000 	0.9906 
3365.0000 	0.9909 
3366.0000 	0.9912 
3367.0000 	0.9915 
3368.0000 	0.9918 
3369.0000 	0.9921 
3370.0000 	0.9924 
3371.0000 	0.9927 
3372.0000 	0.9930 
3373.0000 	0.9933 
3374.0000 	0.9936 
3375.0000 	0.9939 
3376.0000 	0.9942 
3377.0000 	0.9945 
3378.0000 	0.9948 
3379.0000 	0.9951 
3380.0000 	0.9954 
3381.0000 	0.9957 
3382.0000 	0.9960 
3383.0000 	0.9963 
3384.0000 	0.9966 
3385.0000 	0.9969 
3386.0000 	0.9972 
3387.0000 	0.9975 
3388.0000 	0.9978 
3389.0000 	0.9981 
3390.0000 	0.9984 
3391.0000 	0.9987 
3392.0000 	0.9990 
3393.0000 	0.9993 
3394.0000 	0.9996 
3395.0000 	0.9999 
3396.0000 	1.0001 
3397.0000 	1.0004 
3398.0000 	1.0007 
3399.0000 	1.0010 
3400.0000 	1.0013 
3401.0000 	1.0016 
3402.0000 	1.0019 
3403.0000 	1.0022 
3404.0000 	1.0025 
3405.0000 	1.0028 
3406.0000 	1.0031 
3407.0000 	1.0034 
3408.0000 	1.0037 
3409.0000 	1.0040 
3410.0000 	1.0043 
3411.0000 	1.0046 
3412.0000 	1.0049 
3413.0000 	1.0052 
3414.0000 	1.0055 
3415.0000 	1.0058 
3416.0000 	1.0061 
3417.0000 	1.0064 
3418.0000 	1.0067 
3419.0000 	1.0070 
3420.0000 	1.0073 
3421.0000 	1.0076 
3422.0000 	1.0079 
3423.0000 	1.0082 
3424.0000 	1.0085 
3425.0000 	1.0088 
3426.0000 	1.0091 
3427.0000 	1.0094 
3428.0000 	1.0097 
3429.0000 	1.0100 
3430.0000 	1.0103 
3431.0000 	1.0106 
3432.0000 	1.0109 
3433.0000 	1.0112 
3434.0000 	1.0115 
3435.0000 	1.0118 
3436.0000 	1.0121 
3437.0000 	1.0124 
3438.0000 	1.0127 
3439.0000 	1.0130 
3440.0000 	1.0133 
3441.0000 	1.0136 
3442.0000 	1.0139 
3443.0000 	1.0142 
3444.0000 	1.0145 
3445.0000 	1.0148 
3446.0000 	1.0151 
3447.0000 	1.0153 
3448.0000 	1.0156 
3449.0000 	1.0159 
3450.0000 	1.0162 
3451.0000 	1.0165 
3452.0000 	1.0168 
3453.0000 	1.0171 
3454.0000 	1.0174 
3455.0000 	1.0177 
3456.0000 	1.0180 
3457.0000 	1.0183 
3458.0000 	1.0186 
3459.0000 	1.0189 
3460.0000 	1.0192 
3461.0000 	1.0195 
3462.0000 	1.0198 
3463.0000 	1.0201 
3464.0000 	1.0204 
3465.0000 	1.0207 
3466.0000 	1.0210 
3467.0000 	1.0213 
3468.0000 	1.0216 
3469.0000 	1.0219 
3470.0000 	1.0222 
3471.0000 	1.0225 
3472.0000 	1.0228 
3473.0000 	1.0231 
3474.0000 	1.0234 
3475.0000 	1.0237 
3476.0000 	1.0240 
3477.0000 	1.0243 
3478.0000 	1.0246 
3479.0000 	1.0249 
3480.0000 	1.0252 
3481.0000 	1.0255 
3482.0000 	1.0258 
3483.0000 	1.0261 
3484.0000 	1.0264 
3485.0000 	1.0267 
3486.0000 	1.0270 
3487.0000 	1.0273 
3488.0000 	1.0276 
3489.0000 	1.0279 
3490.0000 	1.0282 
3491.0000 	1.0285 
3492.0000 	1.0288 
3493.0000 	1.0291 
3494.0000 	1.0294 
3495.0000 	1.0297 
3496.0000 	1.0300 
3497.0000 	1.0302 
3498.0000 	1.0305 
3499.0000 	1.0308 
3500.0000 	1.0311 
3501.0000 	1.0314 
3502.0000 	1.0317 
3503.0000 	1.0320 
3504.0000 	1.0323 
3505.0000 	1.0326 
3506.0000 	1.0329 
3507.0000 	1.0332 
3508.0000 	1.0335 
3509.0000 	1.0338 
3510.0000 	1.0341 
3511.0000 	1.0344 
3512.0000 	1.0347 
3513.0000 	1.0350 
3514.0000 	1.0353 
3515.0000 	1.0356 
3516.0000 	1.0359 
3517.0000 	1.0362 
3518.0000 	1.0365 
3519.0000 	1.0368 
3520.0000 	1.0371 
3521.0000 	1.0374 
3522.0000 	1.0377 
3523.0000 	1.0380 
3524.0000 	1.0383 
3525.0000 	1.0386 
3526.0000 	1.0389 
3527.0000 	1.0392 
3528.0000 	1.0395 
3529.0000 	1.0398 
3530.0000 	1.0401 
3531.0000 	1.0404 
3532.0000 	1.0407 
3533.0000 	1.0410 
3534.0000 	1.0413 
3535.0000 	1.0416 
3536.0000 	1.0419 
3537.0000 	1.0422 
3538.0000 	1.0425 
3539.0000 	1.0428 
3540.0000 	1.0431 
3541.0000 	1.0434 
3542.0000 	1.0437 
3543.0000 	1.0440 
3544.0000 	1.0443 
3545.0000 	1.0446 
3546.0000 	1.0449 
3547.0000 	1.0452 
3548.0000 	1.0454 
3549.0000 	1.0457 
3550.0000 	1.0460 
3551.0000 	1.0463 
3552.0000 	1.0466 
3553.0000 	1.0469 
3554.0000 	1.0472 
3555.0000 	1.0475 
3556.0000 	1.0478 
3557.0000 	1.0481 
3558.0000 	1.0484 
3559.0000 	1.0487 
3560.0000 	1.0490 
3561.0000 	1.0493 
3562.0000 	1.0496 
3563.0000 	1.0499 
3564.0000 	1.0502 
3565.0000 	1.0505 
3566.0000 	1.0508 
3567.0000 	1.0511 
3568.0000 	1.0514 
3569.0000 	1.0517 
3570.0000 	1.0520 
3571.0000 	1.0523 
3572.0000 	1.0526 
3573.0000 	1.0529 
3574.0000 	1.0532 
3575.0000 	1.0535 
3576.0000 	1.0538 
3577.0000 	1.0541 
3578.0000 	1.0544 
3579.0000 	1.0547 
3580.0000 	1.0550 
3581.0000 	1.0553 
3582.0000 	1.0556 
3583.0000 	1.0559 
3584.0000 	1.0562 
3585.0000 	1.0565 
3586.0000 	1.0568 
3587.0000 	1.0571 
3588.0000 	1.0574 
3589.0000 	1.0577 
3590.0000 	1.0580 
3591.0000 	1.0583 
3592.0000 	1.0586 
3593.0000 	1.0589 
3594.0000 	1.0592 
3595.0000 	1.0595 
3596.0000 	1.0598 
3597.0000 	1.0601 
3598.0000 	1.0603 
3599.0000 	1.0606 
3600.0000 	1.0609 
3601.0000 	1.0612 
3602.0000 	1.0615 
3603.0000 	1.0618 
3604.0000 	1.0621 
3605.0000 	1.0624 
3606.0000 	1.0627 
3607.0000 	1.0630 
3608.0000 	1.0633 
3609.0000 	1.0636 
3610.0000 	1.0639 
3611.0000 	1.0642 
3612.0000 	1.0645 
3613.0000 	1.0648 
3614.0000 	1.0651 
3615.0000 	1.0654 
3616.0000 	1.0657 
3617.0000 	1.0660 
3618.0000 	1.0663 
3619.0000 	1.0666 
3620.0000 	1.0669 
3621.0000 	1.0672 
3622.0000 	1.0675 
3623.0000 	1.0678 
3624.0000 	1.0681 
3625.0000 	1.0684 
3626.0000 	1.0687 
3627.0000 	1.0690 
3628.0000 	1.0693 
3629.0000 	1.0696 
3630.0000 	1.0699 
3631.0000 	1.0702 
3632.0000 	1.0705 
3633.0000 	1.0708 
3634.0000 	1.0711 
3635.0000 	1.0714 
3636.0000 	1.0717 
3637.0000 	1.0720 
3638.0000 	1.0723 
3639.0000 	1.0726 
3640.0000 	1.0729 
3641.0000 	1.0732 
3642.0000 	1.0735 
3643.0000 	1.0738 
3644.0000 	1.0741 
3645.0000 	1.0744 
3646.0000 	1.0747 
3647.0000 	1.0750 
3648.0000 	1.0753 
3649.0000 	1.0755 
3650.0000 	1.0758 
3651.0000 	1.0761 
3652.0000 	1.0764 
3653.0000 	1.0767 
3654.0000 	1.0770 
3655.0000 	1.0773 
3656.0000 	1.0776 
3657.0000 	1.0779 
3658.0000 	1.0782 
3659.0000 	1.0785 
3660.0000 	1.0788 
3661.0000 	1.0791 
3662.0000 	1.0794 
3663.0000 	1.0797 
3664.0000 	1.0800 
3665.0000 	1.0803 
3666.0000 	1.0806 
3667.0000 	1.0809 
3668.0000 	1.0812 
3669.0000 	1.0815 
3670.0000 	1.0818 
3671.0000 	1.0821 
3672.0000 	1.0824 
3673.0000 	1.0827 
3674.0000 	1.0830 
3675.0000 	1.0833 
3676.0000 	1.0836 
3677.0000 	1.0839 
3678.0000 	1.0842 
3679.0000 	1.0845 
3680.0000 	1.0848 
3681.0000 	1.0851 
3682.0000 	1.0854 
3683.0000 	1.0857 
3684.0000 	1.0860 
3685.0000 	1.0863 
3686.0000 	1.0866 
3687.0000 	1.0869 
3688.0000 	1.0872 
3689.0000 	1.0875 
3690.0000 	1.0878 
3691.0000 	1.0881 
3692.0000 	1.0884 
3693.0000 	1.0887 
3694.0000 	1.0890 
3695.0000 	1.0893 
3696.0000 	1.0896 
3697.0000 	1.0899 
3698.0000 	1.0902 
3699.0000 	1.0904 
3700.0000 	1.0907 
3701.0000 	1.0910 
3702.0000 	1.0913 
3703.0000 	1.0916 
3704.0000 	1.0919 
3705.0000 	1.0922 
3706.0000 	1.0925 
3707.0000 	1.0928 
3708.0000 	1.0931 
3709.0000 	1.0934 
3710.0000 	1.0937 
3711.0000 	1.0940 
3712.0000 	1.0943 
3713.0000 	1.0946 
3714.0000 	1.0949 
3715.0000 	1.0952 
3716.0000 	1.0955 
3717.0000 	1.0958 
3718.0000 	1.0961 
3719.0000 	1.0964 
3720.0000 	1.0967 
3721.0000 	1.0970 
3722.0000 	1.0973 
3723.0000 	1.0976 
3724.0000 	1.0979 
3725.0000 	1.0982 
3726.0000 	1.0985 
3727.0000 	1.0988 
3728.0000 	1.0991 
3729.0000 	1.0994 
3730.0000 	1.0997 
3731.0000 	1.1000 
3732.0000 	1.1003 
3733.0000 	1.1006 
3734.0000 	1.1009 
3735.0000 	1.1012 
3736.0000 	1.1015 
3737.0000 	1.1018 
3738.0000 	1.1021 
3739.0000 	1.1024 
3740.0000 	1.1027 
3741.0000 	1.1030 
3742.0000 	1.1033 
3743.0000 	1.1036 
3744.0000 	1.1039 
3745.0000 	1.1042 
3746.0000 	1.1045 
3747.0000 	1.1048 
3748.0000 	1.1051 
3749.0000 	1.1054 
3750.0000 	1.1056 
3751.0000 	1.1059 
3752.0000 	1.1062 
3753.0000 	1.1065 
3754.0000 	1.1068 
3755.0000 	1.1071 
3756.0000 	1.1074 
3757.0000 	1.1077 
3758.0000 	1.1080 
3759.0000 	1.1083 
3760.0000 	1.1086 
3761.0000 	1.1089 
3762.0000 	1.1092 
3763.0000 	1.1095 
3764.0000 	1.1098 
3765.0000 	1.1101 
3766.0000 	1.1104 
3767.0000 	1.1107 
3768.0000 	1.1110 
3769.0000 	1.1113 
3770.0000 	1.1116 
3771.0000 	1.1119 
3772.0000 	1.1122 
3773.0000 	1.1125 
3774.0000 	1.1128 
3775.0000 	1.1131 
3776.0000 	1.1134 
3777.0000 	1.1137 
3778.0000 	1.1140 
3779.0000 	1.1143 
3780.0000 	1.1146 
3781.0000 	1.1149 
3782.0000 	1.1152 
3783.0000 	1.1155 
3784.0000 	1.1158 
3785.0000 	1.1161 
3786.0000 	1.1164 
3787.0000 	1.1167 
3788.0000 	1.1170 
3789.0000 	1.1173 
3790.0000 	1.1176 
3791.0000 	1.1179 
3792.0000 	1.1182 
3793.0000 	1.1185 
3794.0000 	1.1188 
3795.0000 	1.1191 
3796.0000 	1.1194 
3797.0000 	1.1197 
3798.0000 	1.1200 
3799.0000 	1.1203 
3800.0000 	1.1205 
3801.0000 	1.1208 
3802.0000 	1.1211 
3803.0000 	1.1214 
3804.0000 	1.1217 
3805.0000 	1.1220 
3806.0000 	1.1223 
3807.0000 	1.1226 
3808.0000 	1.1229 
3809.0000 	1.1232 
3810.0000 	1.1235 
3811.0000 	1.1238 
3812.0000 	1.1241 
3813.0000 	1.1244 
3814.0000 	1.1247 
3815.0000 	1.1250 
3816.0000 	1.1253 
3817.0000 	1.1256 
3818.0000 	1.1259 
3819.0000 	1.1262 
3820.0000 	1.1265 
3821.0000 	1.1268 
3822.0000 	1.1271 
3823.0000 	1.1274 
3824.0000 	1.1277 
3825.0000 	1.1280 
3826.0000 	1.1283 
3827.0000 	1.1286 
3828.0000 	1.1289 
3829.0000 	1.1292 
3830.0000 	1.1295 
3831.0000 	1.1298 
3832.0000 	1.1301 
3833.0000 	1.1304 
3834.0000 	1.1307 
3835.0000 	1.1310 
3836.0000 	1.1313 
3837.0000 	1.1316 
3838.0000 	1.1319 
3839.0000 	1.1322 
3840.0000 	1.1325 
3841.0000 	1.1328 
3842.0000 	1.1331 
3843.0000 	1.1334 
3844.0000 	1.1337 
3845.0000 	1.1340 
3846.0000 	1.1343 
3847.0000 	1.1346 
3848.0000 	1.1349 
3849.0000 	1.1352 
3850.0000 	1.1355 
3851.0000 	1.1357 
3852.0000 	1.1360 
3853.0000 	1.1363 
3854.0000 	1.1366 
3855.0000 	1.1369 
3856.0000 	1.1372 
3857.0000 	1.1375 
3858.0000 	1.1378 
3859.0000 	1.1381 
3860.0000 	1.1384 
3861.0000 	1.1387 
3862.0000 	1.1390 
3863.0000 	1.1393 
3864.0000 	1.1396 
3865.0000 	1.1399 
3866.0000 	1.1402 
3867.0000 	1.1405 
3868.0000 	1.1408 
3869.0000 	1.1411 
3870.0000 	1.1414 
3871.0000 	1.1417 
3872.0000 	1.1420 
3873.0000 	1.1423 
3874.0000 	1.1426 
3875.0000 	1.1429 
3876.0000 	1.1432 
3877.0000 	1.1435 
3878.0000 	1.1438 
3879.0000 	1.1441 
3880.0000 	1.1444 
3881.0000 	1.1447 
3882.0000 	1.1450 
3883.0000 	1.1453 
3884.0000 	1.1456 
3885.0000 	1.1459 
3886.0000 	1.1462 
3887.0000 	1.1465 
3888.0000 	1.1468 
3889.0000 	1.1471 
3890.0000 	1.1474 
3891.0000 	1.1477 
3892.0000 	1.1480 
3893.0000 	1.1483 
3894.0000 	1.1486 
3895.0000 	1.1489 
3896.0000 	1.1492 
3897.0000 	1.1495 
3898.0000 	1.1498 
3899.0000 	1.1501 
3900.0000 	1.1504 
3901.0000 	1.1506 
3902.0000 	1.1509 
3903.0000 	1.1512 
3904.0000 	1.1515 
3905.0000 	1.1518 
3906.0000 	1.1521 
3907.0000 	1.1524 
3908.0000 	1.1527 
3909.0000 	1.1530 
3910.0000 	1.1533 
3911.0000 	1.1536 
3912.0000 	1.1539 
3913.0000 	1.1542 
3914.0000 	1.1545 
3915.0000 	1.1548 
3916.0000 	1.1551 
3917.0000 	1.1554 
3918.0000 	1.1557 
3919.0000 	1.1560 
3920.0000 	1.1563 
3921.0000 	1.1566 
3922.0000 	1.1569 
3923.0000 	1.1572 
3924.0000 	1.1575 
3925.0000 	1.1578 
3926.0000 	1.1581 
3927.0000 	1.1584 
3928.0000 	1.1587 
3929.0000 	1.1590 
3930.0000 	1.1593 
3931.0000 	1.1596 
3932.0000 	1.1599 
3933.0000 	1.1602 
3934.0000 	1.1605 
3935.0000 	1.1608 
3936.0000 	1.1611 
3937.0000 	1.1614 
3938.0000 	1.1617 
3939.0000 	1.1620 
3940.0000 	1.1623 
3941.0000 	1.1626 
3942.0000 	1.1629 
3943.0000 	1.1632 
3944.0000 	1.1635 
3945.0000 	1.1638 
3946.0000 	1.1641 
3947.0000 	1.1644 
3948.0000 	1.1647 
3949.0000 	1.1650 
3950.0000 	1.1653 
3951.0000 	1.1656 
3952.0000 	1.1658 
3953.0000 	1.1661 
3954.0000 	1.1664 
3955.0000 	1.1667 
3956.0000 	1.1670 
3957.0000 	1.1673 
3958.0000 	1.1676 
3959.0000 	1.1679 
3960.0000 	1.1682 
3961.0000 	1.1685 
3962.0000 	1.1688 
3963.0000 	1.1691 
3964.0000 	1.1694 
3965.0000 	1.1697 
3966.0000 	1.1700 
3967.0000 	1.1703 
3968.0000 	1.1706 
3969.0000 	1.1709 
3970.0000 	1.1712 
3971.0000 	1.1715 
3972.0000 	1.1718 
3973.0000 	1.1721 
3974.0000 	1.1724 
3975.0000 	1.1727 
3976.0000 	1.1730 
3977.0000 	1.1733 
3978.0000 	1.1736 
3979.0000 	1.1739 
3980.0000 	1.1742 
3981.0000 	1.1745 
3982.0000 	1.1748 
3983.0000 	1.1751 
3984.0000 	1.1754 
3985.0000 	1.1757 
3986.0000 	1.1760 
3987.0000 	1.1763 
3988.0000 	1.1766 
3989.0000 	1.1769 
3990.0000 	1.1772 
3991.0000 	1.1775 
3992.0000 	1.1778 
3993.0000 	1.1781 
3994.0000 	1.1784 
3995.0000 	1.1787 
3996.0000 	1.1790 
3997.0000 	1.1793 
3998.0000 	1.1796 
3999.0000 	1.1799 
4000.0000 	1.1802 
4001.0000 	1.1805 
4002.0000 	1.1807 
4003.0000 	1.1810 
4004.0000 	1.1813 
4005.0000 	1.1816 
4006.0000 	1.1819 
4007.0000 	1.1822 
4008.0000 	1.1825 
4009.0000 	1.1828 
4010.0000 	1.1831 
4011.0000 	1.1834 
4012.0000 	1.1837 
4013.0000 	1.1840 
4014.0000 	1.1843 
4015.0000 	1.1846 
4016.0000 	1.1849 
4017.0000 	1.1852 
4018.0000 	1.1855 
4019.0000 	1.1858 
4020.0000 	1.1861 
4021.0000 	1.1864 
4022.0000 	1.1867 
4023.0000 	1.1870 
4024.0000 	1.1873 
4025.0000 	1.1876 
4026.0000 	1.1879 
4027.0000 	1.1882 
4028.0000 	1.1885 
4029.0000 	1.1888 
4030.0000 	1.1891 
4031.0000 	1.1894 
4032.0000 	1.1897 
4033.0000 	1.1900 
4034.0000 	1.1903 
4035.0000 	1.1906 
4036.0000 	1.1909 
4037.0000 	1.1912 
4038.0000 	1.1915 
4039.0000 	1.1918 
4040.0000 	1.1921 
4041.0000 	1.1924 
4042.0000 	1.1927 
4043.0000 	1.1930 
4044.0000 	1.1933 
4045.0000 	1.1936 
4046.0000 	1.1939 
4047.0000 	1.1942 
4048.0000 	1.1945 
4049.0000 	1.1948 
4050.0000 	1.1951 
4051.0000 	1.1954 
4052.0000 	1.1957 
4053.0000 	1.1959 
4054.0000 	1.1962 
4055.0000 	1.1965 
4056.0000 	1.1968 
4057.0000 	1.1971 
4058.0000 	1.1974 
4059.0000 	1.1977 
4060.0000 	1.1980 
4061.0000 	1.1983 
4062.0000 	1.1986 
4063.0000 	1.1989 
4064.0000 	1.1992 
4065.0000 	1.1995 
4066.0000 	1.1998 
4067.0000 	1.2001 
4068.0000 	1.2004 
4069.0000 	1.2007 
4070.0000 	1.2010 
4071.0000 	1.2013 
4072.0000 	1.2016 
4073.0000 	1.2019 
4074.0000 	1.2022 
4075.0000 	1.2025 
4076.0000 	1.2028 
4077.0000 	1.2031 
4078.0000 	1.2034 
4079.0000 	1.2037 
4080.0000 	1.2040 
4081.0000 	1.2043 
4082.0000 	1.2046 
4083.0000 	1.2049 
4084.0000 	1.2052 
4085.0000 	1.2055 
4086.0000 	1.2058 
4087.0000 	1.2061 
4088.0000 	1.2064 
4089.0000 	1.2067 
4090.0000 	1.2070 
4091.0000 	1.2073 
4092.0000 	1.2076 
4093.0000 	1.2079 
4094.0000 	1.2082 
4095.0000 	1.2085 
